service_id,monday,tuesday,wednesday,thursday,friday,saturday,sunday,start_date,end_date
IDFM:TN:1,0,0,0,1,0,0,0,20231012,20231012
IDFM:TN:10,1,1,1,1,1,1,1,20231013,20231109
IDFM:TN:100,0,0,1,0,0,0,0,20231011,20231011
IDFM:TN:333,1,1,1,1,1,0,0,20231013,20231109
IDFM:TN:346,0,0,0,0,0,1,0,20231014,20231104
IDFM:TN:404,0,0,0,0,0,1,0,20231015,20231104
IDFM:TN:412,0,0,0,0,0,1,1,20231015,20231105
IDFM:TN:425,0,0,0,0,0,0,1,20231015,20231105
IDFM:TN:455,0,0,0,0,0,0,1,20231014,20231105
IDFM:TN:640,0,0,0,0,0,0,1,20231014,20231105
IDFM:TN:754,0,0,0,0,0,1,0,20231014,20231104
IDFM:TN:990,0,0,0,0,0,1,1,20231014,20231105
IDFM:TN:1000,0,0,0,0,0,1,1,20231014,20231105
IDFM:TN:1007,0,0,0,0,0,1,1,20231014,20231105
IDFM:TN:1011,0,0,0,0,0,1,1,20231015,20231105
IDFM:TN:1012,1,1,1,1,1,0,0,20231023,20231027
IDFM:TN:1014,1,1,1,1,0,0,0,20231023,20231026
IDFM:TN:1017,1,0,0,0,0,0,0,20231023,20231023
IDFM:TN:1019,1,1,0,0,0,0,0,20231023,20231024
IDFM:TN:1022,1,0,1,0,1,0,0,20231023,20231027
IDFM:TN:1033,0,1,1,1,1,0,0,20231024,20231027
IDFM:TN:1034,0,1,0,0,0,0,0,20231024,20231024
IDFM:TN:1035,0,0,0,1,0,0,0,20231026,20231026
IDFM:TN:1044,0,0,0,0,1,0,0,20231013,20231020
IDFM:TN:1069,0,0,0,0,0,1,0,20231014,20231104
IDFM:TN:1139,0,0,0,0,0,0,1,20231015,20231105
IDFM:TN:1140,0,0,0,0,0,0,1,20231022,20231105
IDFM:TN:1196,1,1,0,1,1,0,0,20231013,20231109
IDFM:TN:1340,0,0,0,0,0,0,1,20231015,20231105
IDFM:TN:1374,0,0,0,0,0,1,0,20231014,20231104
IDFM:TN:1387,0,0,0,0,0,1,1,20231014,20231105
IDFM:TN:1388,0,0,0,0,0,1,0,20231014,20231104
IDFM:TN:1398,0,0,0,0,0,1,1,20231014,20231029
IDFM:TN:1423,0,0,0,0,0,0,1,20231015,20231015
IDFM:TN:1424,0,0,0,0,0,1,0,20231021,20231021
IDFM:TN:1485,1,1,0,1,1,0,0,20231013,20231109
IDFM:TN:1490,0,0,0,0,0,1,0,20231014,20231104
IDFM:TN:1556,0,0,0,0,0,1,0,20231015,20231104
IDFM:TN:1562,0,0,0,0,0,1,1,20231015,20231105
IDFM:TN:1610,0,0,0,0,0,1,1,20231021,20231022
IDFM:TN:2078,0,0,0,0,0,0,1,20231015,20231105
IDFM:TN:2089,1,1,1,0,0,0,0,20231023,20231025
IDFM:TN:2099,1,0,1,1,1,0,0,20231023,20231027
IDFM:TN:2122,0,1,0,1,0,0,0,20231024,20231026
IDFM:TN:2410,1,1,1,1,1,0,0,20231013,20231109
IDFM:TN:2417,0,0,1,0,1,0,0,20231013,20231108
IDFM:TN:2420,0,0,1,0,0,0,0,20231013,20231109
IDFM:TN:2424,1,1,1,1,1,0,0,20231016,20231108
IDFM:TN:2425,1,1,1,1,1,0,0,20231016,20231108
IDFM:TN:2428,0,0,1,0,0,0,0,20231101,20231109
IDFM:TN:2445,1,0,0,1,0,0,0,20231106,20231109
IDFM:TN:2448,0,1,0,0,0,0,0,20231107,20231107
IDFM:TN:2530,1,1,0,1,1,0,0,20231013,20231103
IDFM:TN:2714,1,1,1,1,1,0,1,20231013,20231109
IDFM:TN:2716,1,1,1,1,1,1,1,20231013,20231109
IDFM:TN:2862,1,1,1,1,1,0,0,20231013,20231109
IDFM:TN:2893,0,1,0,1,0,0,0,20231017,20231019
IDFM:TN:3018,0,0,1,0,0,1,1,20231013,20231109
IDFM:TN:3026,0,0,0,0,0,1,1,20231013,20231109
IDFM:TN:3048,0,0,0,0,0,1,0,20231014,20231101
IDFM:TN:3050,0,0,1,0,0,0,0,20231018,20231018
IDFM:TN:3081,0,0,0,0,0,0,1,20231022,20231029
IDFM:TN:3313,1,1,1,1,1,0,0,20231013,20231109
IDFM:TN:3324,0,0,1,0,0,0,0,20231013,20231109
IDFM:TN:3564,0,0,0,0,0,1,0,20231014,20231021
IDFM:TN:3569,0,0,0,0,0,0,1,20231015,20231022
IDFM:TN:3601,0,0,0,0,1,0,0,20231013,20231020
IDFM:TN:3625,1,1,1,1,0,0,0,20231021,20231109
IDFM:TN:3887,1,0,1,1,1,0,0,20231013,20231109
IDFM:TN:3894,0,1,0,0,0,0,0,20231017,20231017
IDFM:TN:3913,0,0,0,0,1,0,0,20231013,20231020
IDFM:TN:3916,0,0,0,0,1,0,0,20231013,20231020
IDFM:TN:3958,1,1,0,1,0,0,0,20231021,20231109
IDFM:TN:4007,0,0,0,0,0,1,0,20231013,20231109
IDFM:TN:4010,0,0,0,0,1,0,0,20231013,20231020
IDFM:TN:4015,0,0,1,0,0,1,1,20231013,20231109
IDFM:TN:4026,0,0,0,0,0,1,1,20231014,20231109
IDFM:TN:4165,1,1,1,1,1,0,0,20231023,20231103
IDFM:TN:4331,1,1,1,1,1,0,0,20231013,20231103
IDFM:TN:4495,1,1,1,1,1,0,0,20231013,20231109
IDFM:TN:4502,0,0,0,0,0,1,1,20231014,20231029
IDFM:TN:4504,0,0,0,0,0,0,1,20231015,20231101
IDFM:TN:4512,0,0,0,0,0,1,1,20231021,20231029
IDFM:TN:4521,0,0,0,0,0,0,1,20231022,20231029
IDFM:TN:4552,1,1,1,1,0,0,0,20231030,20231109
IDFM:TN:4733,0,0,0,0,0,1,0,20231028,20231104
IDFM:TN:5025,1,1,1,1,1,0,0,20231013,20231109
IDFM:TN:5028,1,1,1,1,1,0,0,20231013,20231109
IDFM:TN:5029,1,1,1,1,1,0,0,20231013,20231109
IDFM:TN:5180,0,0,0,0,1,0,0,20231013,20231020
IDFM:TN:5252,1,1,1,1,1,1,1,20231013,20231109
IDFM:TN:5253,1,1,1,1,1,1,1,20231014,20231109
IDFM:TN:5311,0,0,0,0,0,1,1,20231014,20231105
IDFM:TN:5420,1,1,1,1,1,0,0,20231013,20231109
IDFM:TN:5431,1,1,1,1,1,0,0,20231013,20231109
IDFM:TN:5433,1,1,1,1,1,0,0,20231013,20231109
IDFM:TN:5436,0,0,0,0,1,0,0,20231013,20231022
IDFM:TN:5438,1,1,1,1,1,1,1,20231013,20231109
IDFM:TN:5439,0,0,1,0,1,1,1,20231013,20231105
IDFM:TN:5466,0,0,0,0,0,1,1,20231014,20231105
IDFM:TN:5472,1,1,1,1,0,0,0,20231014,20231109
IDFM:TN:5503,0,0,0,0,0,0,1,20231015,20231105
IDFM:TN:5832,1,1,1,1,1,0,0,20231013,20231109
IDFM:TN:5850,1,1,1,1,1,0,0,20231013,20231109
IDFM:TN:5862,1,1,1,1,1,0,0,20231013,20231109
IDFM:TN:5863,1,1,1,1,1,0,0,20231013,20231109
IDFM:TN:5872,1,1,1,1,1,0,0,20231013,20231109
IDFM:TN:5877,0,1,0,1,1,0,0,20231013,20231109
IDFM:TN:5903,1,1,1,1,1,0,0,20231013,20231109
IDFM:TN:5909,0,0,1,1,1,0,0,20231013,20231109
IDFM:TN:5914,1,1,1,1,1,0,0,20231016,20231109
IDFM:TN:5915,1,1,1,1,0,0,0,20231016,20231109
IDFM:TN:5916,1,1,1,1,1,0,0,20231018,20231109
IDFM:TN:5917,0,0,0,1,0,0,0,20231019,20231109
IDFM:TN:5918,0,0,0,0,0,1,1,20231021,20231105
IDFM:TN:5926,0,0,0,0,0,1,0,20231021,20231104
IDFM:TN:5955,0,0,0,0,0,1,0,20231021,20231104
IDFM:TN:5962,0,0,0,0,0,0,1,20231022,20231105
IDFM:TN:5979,1,1,0,0,0,0,0,20231106,20231107
IDFM:TN:6214,1,1,0,1,1,0,0,20231013,20231107
IDFM:TN:6227,1,1,1,1,1,0,0,20231013,20231109
IDFM:TN:6242,1,0,0,0,0,0,0,20231013,20231109
IDFM:TN:6256,0,0,0,0,1,0,0,20231013,20231103
IDFM:TN:6275,1,1,0,1,0,0,0,20231016,20231109
IDFM:TN:6279,1,1,1,1,0,0,0,20231016,20231109
IDFM:TN:6282,0,1,0,1,1,0,0,20231023,20231103
IDFM:TN:6320,0,0,1,0,0,0,0,20231108,20231108
IDFM:TN:6323,0,0,1,1,0,0,0,20231108,20231109
IDFM:TN:6325,0,0,0,1,0,0,0,20231109,20231109
IDFM:TN:6651,0,0,0,0,0,1,1,20231013,20231105
IDFM:TN:6652,0,0,1,0,0,1,1,20231013,20231109
IDFM:TN:6653,0,0,1,0,0,0,1,20231013,20231109
IDFM:TN:6686,1,1,1,1,0,0,0,20231014,20231109
IDFM:TN:6687,1,1,1,1,0,0,0,20231014,20231109
IDFM:TN:6714,0,0,0,0,0,1,1,20231014,20231105
IDFM:TN:6856,1,1,1,1,1,0,0,20231013,20231109
IDFM:TN:6857,1,1,1,1,1,1,1,20231013,20231109
IDFM:TN:6859,1,1,1,1,1,1,0,20231013,20231109
IDFM:TN:6861,1,1,1,1,1,0,1,20231013,20231109
IDFM:TN:6873,1,1,1,1,1,1,0,20231013,20231109
IDFM:TN:6879,0,0,0,0,0,1,1,20231014,20231105
IDFM:TN:6897,1,1,1,1,1,0,1,20231016,20231022
IDFM:TN:6963,1,1,0,1,1,0,0,20231016,20231106
IDFM:TN:6964,1,1,1,1,1,0,0,20231016,20231106
IDFM:TN:6971,1,1,0,1,1,0,0,20231016,20231107
IDFM:TN:6973,1,0,0,0,0,0,0,20231016,20231106
IDFM:TN:7157,1,1,1,1,1,1,1,20231013,20231109
IDFM:TN:7223,1,1,1,1,1,1,1,20231013,20231109
IDFM:TN:7348,1,1,1,1,1,0,0,20231013,20231109
IDFM:TN:7350,1,1,1,1,1,0,0,20231013,20231109
IDFM:TN:7357,1,1,1,1,1,0,0,20231013,20231109
IDFM:TN:7358,0,0,0,0,1,0,0,20231013,20231103
IDFM:TN:7374,0,0,0,0,0,1,0,20231021,20231029
IDFM:TN:7452,0,0,0,0,1,1,1,20231013,20231015
IDFM:TN:7459,0,0,0,0,1,0,0,20231013,20231103
IDFM:TN:7478,1,1,1,1,1,0,0,20231016,20231109
IDFM:TN:7479,1,1,1,1,1,0,0,20231016,20231109
IDFM:TN:7480,1,1,1,1,1,0,0,20231016,20231109
IDFM:TN:7481,1,1,1,1,1,0,0,20231016,20231109
IDFM:TN:7483,1,1,0,1,0,0,0,20231016,20231109
IDFM:TN:7633,1,1,1,1,1,1,1,20231013,20231109
IDFM:TN:7702,1,1,1,1,1,1,1,20231013,20231109
IDFM:TN:7711,1,1,1,1,1,1,1,20231013,20231109
IDFM:TN:7847,1,0,1,1,1,0,0,20231013,20231109
IDFM:TN:7860,1,1,1,1,0,0,0,20231013,20231109
IDFM:TN:7862,1,1,1,1,1,1,1,20231020,20231103
IDFM:TN:7865,1,1,1,1,1,1,0,20231021,20231103
IDFM:TN:7874,1,1,0,1,1,0,0,20231023,20231103
IDFM:TN:7878,1,1,1,1,1,0,0,20231023,20231103
IDFM:TN:7879,1,0,1,1,1,0,0,20231023,20231103
IDFM:TN:8163,1,1,0,1,1,0,0,20231013,20231109
IDFM:TN:8166,1,1,1,1,1,0,0,20231013,20231109
IDFM:TN:8167,1,1,1,1,1,0,0,20231013,20231109
IDFM:TN:8171,1,1,1,1,1,0,0,20231013,20231109
IDFM:TN:8204,0,0,0,0,0,0,1,20231022,20231101
IDFM:TN:8236,1,0,0,0,0,0,0,20231016,20231023
IDFM:TN:8289,1,1,1,1,1,1,1,20231013,20231105
IDFM:TN:8345,1,1,1,1,1,0,0,20231013,20231109
IDFM:TN:8375,1,1,0,0,0,0,0,20231016,20231017
IDFM:TN:8420,1,1,1,1,1,0,0,20231013,20231109
IDFM:TN:8425,1,1,1,1,1,0,0,20231013,20231109
IDFM:TN:8452,0,0,0,0,0,0,1,20231015,20231022
IDFM:TN:8504,1,1,0,1,1,0,0,20231013,20231107
IDFM:TN:8515,0,0,1,0,0,0,0,20231018,20231108
IDFM:TN:8516,0,0,1,0,0,1,1,20231025,20231105
IDFM:TN:8617,0,1,1,0,1,0,0,20231013,20231108
IDFM:TN:8635,0,0,0,1,0,0,0,20231019,20231109
IDFM:TN:8719,1,1,1,1,1,1,1,20231014,20231109
IDFM:TN:8891,1,1,1,1,1,1,1,20231014,20231109
IDFM:TN:8951,1,0,1,0,0,0,0,20231016,20231109
IDFM:TN:8952,0,1,0,1,1,0,0,20231020,20231103
IDFM:TN:9022,1,1,1,1,1,0,1,20231013,20231109
IDFM:TN:9038,1,1,1,1,1,0,1,20231014,20231109
IDFM:TN:9113,0,0,0,0,0,1,0,20231021,20231104
IDFM:TN:9198,0,0,0,0,0,0,1,20231014,20231105
IDFM:TN:9299,1,1,1,1,1,1,1,20231014,20231103
IDFM:TN:9779,0,0,0,0,0,1,1,20231014,20231105
IDFM:TN:9933,1,1,1,1,1,0,0,20231013,20231109
IDFM:TN:9934,0,0,1,0,0,0,0,20231013,20231109
IDFM:TN:10008,1,1,1,1,1,0,0,20231013,20231109
IDFM:TN:10031,0,0,0,0,0,1,1,20231014,20231105
IDFM:TN:10045,0,0,0,0,0,1,1,20231014,20231105
IDFM:TN:10049,0,0,0,0,1,0,0,20231020,20231027
IDFM:TN:10121,1,1,1,1,0,0,0,20231013,20231109
IDFM:TN:10122,0,0,0,0,0,1,1,20231014,20231029
IDFM:TN:10247,1,1,0,1,0,0,0,20231013,20231103
IDFM:TN:10248,1,1,1,1,0,0,0,20231106,20231109
IDFM:TN:10279,1,1,1,1,1,0,0,20231013,20231109
IDFM:TN:10291,0,0,1,0,0,1,1,20231101,20231105
IDFM:TN:10292,0,0,1,0,0,0,0,20231101,20231101
IDFM:TN:10298,0,0,1,0,0,0,1,20231101,20231105
IDFM:TN:10303,0,0,0,0,0,1,1,20231104,20231105
IDFM:TN:10306,0,0,0,0,0,1,0,20231104,20231104
IDFM:TN:10362,0,0,0,0,0,0,1,20231029,20231029
IDFM:TN:10464,0,0,0,0,0,1,0,20231014,20231104
IDFM:TN:10550,1,1,1,1,1,0,0,20231016,20231103
IDFM:TN:10600,0,1,1,1,1,0,0,20231013,20231109
IDFM:TN:10684,1,1,1,1,1,0,0,20231013,20231109
IDFM:TN:10708,1,1,1,1,1,0,0,20231016,20231105
IDFM:TN:10709,0,0,0,0,1,0,0,20231020,20231105
IDFM:TN:10748,1,0,0,0,0,0,0,20231016,20231030
IDFM:TN:10793,0,0,0,0,0,1,1,20231014,20231105
IDFM:TN:10795,0,0,0,0,1,0,0,20231027,20231027
IDFM:TN:11011,0,0,0,0,1,0,0,20231013,20231027
IDFM:TN:11012,1,0,0,0,0,0,0,20231016,20231025
IDFM:TN:11013,1,1,1,1,0,0,0,20231017,20231109
IDFM:TN:11014,0,0,0,0,1,0,0,20231020,20231020
IDFM:TN:11059,0,0,0,0,1,0,0,20231013,20231013
IDFM:TN:11060,1,1,1,1,1,0,0,20231013,20231027
IDFM:TN:11061,0,0,0,0,0,1,0,20231014,20231028
IDFM:TN:11062,0,0,0,0,0,1,1,20231014,20231101
IDFM:TN:11071,0,0,0,0,0,0,1,20231015,20231101
IDFM:TN:11072,0,0,0,0,0,0,1,20231015,20231029
IDFM:TN:11073,1,1,1,1,1,0,0,20231016,20231109
IDFM:TN:11074,1,1,0,1,0,0,0,20231030,20231109
IDFM:TN:11098,0,0,0,0,0,0,1,20231105,20231105
IDFM:TN:11341,1,1,1,1,1,0,0,20231013,20231109
IDFM:TN:11420,0,1,0,0,0,0,0,20231013,20231109
IDFM:TN:11424,0,0,0,0,0,1,1,20231013,20231109
IDFM:TN:11426,0,0,0,0,0,1,1,20231014,20231105
IDFM:TN:11428,0,0,0,0,0,0,1,20231014,20231105
IDFM:TN:11429,0,0,0,0,0,1,0,20231014,20231105
IDFM:TN:11448,0,0,0,0,0,1,1,20231014,20231105
IDFM:TN:11478,1,1,1,1,1,0,0,20231016,20231103
IDFM:TN:11479,1,1,1,1,0,0,0,20231016,20231103
IDFM:TN:11482,0,1,1,1,1,1,0,20231017,20231104
IDFM:TN:11484,0,1,1,1,1,1,0,20231017,20231104
IDFM:TN:11552,0,0,0,0,0,1,0,20231014,20231014
IDFM:TN:11553,0,0,0,0,0,1,0,20231014,20231101
IDFM:TN:11567,0,0,0,0,0,0,1,20231014,20231105
IDFM:TN:11568,0,0,0,0,0,1,0,20231014,20231105
IDFM:TN:11569,0,0,0,0,0,0,1,20231014,20231105
IDFM:TN:11570,0,0,0,0,0,1,1,20231014,20231105
IDFM:TN:11580,0,0,0,0,0,1,1,20231014,20231105
IDFM:TN:11581,0,0,0,0,0,1,0,20231021,20231028
IDFM:TN:11582,0,0,0,0,0,1,1,20231021,20231029
IDFM:TN:11597,0,0,0,0,0,0,1,20231022,20231029
IDFM:TN:11695,1,1,0,1,1,0,0,20231013,20231103
IDFM:TN:11696,0,0,1,0,0,1,0,20231101,20231104
IDFM:TN:11730,0,1,0,0,0,0,0,20231031,20231031
IDFM:TN:11816,1,1,0,1,1,0,0,20231023,20231103
IDFM:TN:11824,1,1,0,1,1,0,0,20231030,20231103
IDFM:TN:12011,0,0,0,0,0,1,1,20231014,20231105
IDFM:TN:12043,0,0,0,0,0,1,1,20231014,20231101
IDFM:TN:12044,0,0,0,0,0,1,1,20231028,20231105
IDFM:TN:12260,1,1,1,1,1,1,0,20231013,20231109
IDFM:TN:12264,1,1,1,1,1,0,1,20231013,20231109
IDFM:TN:12268,0,0,1,0,0,1,1,20231013,20231109
IDFM:TN:12280,1,1,1,1,1,0,0,20231013,20231109
IDFM:TN:12347,0,0,0,0,0,1,1,20231014,20231105
IDFM:TN:12501,0,1,1,0,1,1,0,20231013,20231104
IDFM:TN:12677,0,0,0,0,0,0,1,20231014,20231101
IDFM:TN:12685,0,0,0,0,0,0,1,20231014,20231101
IDFM:TN:12697,0,0,0,0,0,1,1,20231014,20231105
IDFM:TN:12703,0,0,0,0,0,0,1,20231014,20231105
IDFM:TN:12725,0,0,0,0,0,1,0,20231028,20231028
IDFM:TN:12840,1,1,1,1,1,0,0,20231013,20231109
IDFM:TN:12855,0,0,0,0,0,1,0,20231014,20231021
IDFM:TN:12882,0,0,0,0,0,0,1,20231014,20231105
IDFM:TN:12883,0,0,0,0,0,0,1,20231014,20231109
IDFM:TN:12884,1,0,0,0,0,0,0,20231015,20231106
IDFM:TN:12979,1,1,1,1,1,0,1,20231013,20231109
IDFM:TN:13013,0,0,0,0,0,0,1,20231014,20231109
IDFM:TN:13104,0,0,0,0,0,1,1,20231013,20231105
IDFM:TN:13108,0,0,0,0,0,0,1,20231022,20231022
IDFM:TN:13115,0,0,0,0,1,1,0,20231013,20231014
IDFM:TN:13128,0,1,1,1,0,0,0,20231107,20231109
IDFM:TN:13133,0,0,0,0,0,1,0,20231014,20231101
IDFM:TN:13134,0,0,0,0,0,0,1,20231015,20231022
IDFM:TN:13136,1,1,1,1,1,1,0,20231013,20231109
IDFM:TN:13145,0,0,0,0,0,1,0,20231028,20231105
IDFM:TN:13147,0,0,0,0,0,1,0,20231028,20231104
IDFM:TN:13199,0,0,0,0,0,1,0,20231028,20231104
IDFM:TN:13214,0,0,0,0,0,0,1,20231029,20231105
IDFM:TN:13260,1,1,1,1,1,0,0,20231016,20231105
IDFM:TN:13262,1,1,1,1,1,1,1,20231016,20231105
IDFM:TN:13263,1,1,1,1,1,0,0,20231016,20231020
IDFM:TN:13265,0,1,1,1,1,1,0,20231017,20231021
IDFM:TN:13267,0,0,0,0,0,1,1,20231028,20231105
IDFM:TN:13560,0,0,0,0,0,1,1,20231014,20231015
IDFM:TN:13561,0,0,0,0,0,1,1,20231014,20231022
IDFM:TN:13610,1,0,0,0,0,0,1,20231015,20231023
IDFM:TN:13665,1,1,1,1,1,0,0,20231013,20231109
IDFM:TN:13761,0,0,0,0,0,0,1,20231015,20231105
IDFM:TN:13762,1,1,1,1,1,0,0,20231023,20231109
IDFM:TN:13767,0,1,1,0,0,0,0,20231031,20231109
IDFM:TN:13920,0,1,1,0,1,1,0,20231013,20231109
IDFM:TN:13989,1,1,0,1,1,0,0,20231013,20231109
IDFM:TN:14051,0,1,1,1,1,1,0,20231024,20231028
IDFM:TN:14102,0,0,0,0,1,1,0,20231013,20231021
IDFM:TN:14103,0,0,0,0,1,0,0,20231013,20231021
IDFM:TN:14113,1,1,1,1,1,0,0,20231013,20231109
IDFM:TN:14115,1,1,1,1,1,1,1,20231023,20231105
IDFM:TN:14132,1,1,1,1,1,0,0,20231013,20231109
IDFM:TN:14133,0,0,0,0,0,1,1,20231013,20231105
IDFM:TN:14496,1,1,1,1,1,0,0,20231013,20231105
IDFM:TN:14502,0,0,1,0,0,1,1,20231028,20231109
IDFM:TN:14962,0,1,1,1,0,0,0,20231031,20231109
IDFM:TN:15112,0,1,1,1,1,1,0,20231013,20231109
IDFM:TN:16449,1,1,1,1,1,0,0,20231013,20231109
IDFM:TN:16454,0,0,0,1,0,0,0,20231102,20231102
IDFM:TN:16508,0,1,1,0,1,0,0,20231013,20231104
IDFM:TN:16858,0,0,0,0,0,1,1,20231028,20231029
IDFM:TN:16949,0,1,0,1,1,0,0,20231031,20231103
IDFM:TN:18377,0,1,1,1,1,0,0,20231013,20231109
IDFM:TN:18482,0,1,1,1,1,0,0,20231013,20231027
IDFM:TN:18734,1,1,1,1,0,0,0,20231016,20231026
IDFM:TN:18740,0,1,1,1,1,1,0,20231013,20231028
IDFM:TN:18755,0,0,0,0,0,1,0,20231014,20231021
IDFM:TN:18756,0,0,0,0,0,1,0,20231014,20231028
IDFM:TN:18772,1,1,0,1,0,0,0,20231030,20231102
IDFM:TN:18776,0,0,0,0,1,0,0,20231103,20231103
IDFM:TN:18777,0,1,1,0,1,1,0,20231031,20231104
IDFM:TN:18779,0,1,1,0,1,0,0,20231031,20231103
IDFM:TN:19231,1,1,1,1,0,0,0,20231013,20231026
IDFM:TN:19236,0,0,0,0,1,0,0,20231020,20231103
IDFM:TN:19608,1,1,1,1,0,0,0,20231016,20231102
IDFM:TN:19613,0,0,0,0,1,0,0,20231013,20231103
IDFM:TN:19679,1,1,1,1,1,1,1,20231013,20231103
IDFM:TN:21032,1,1,1,1,0,0,0,20231013,20231109
IDFM:TN:21336,0,0,0,0,1,0,0,20231020,20231109
IDFM:TN:22090,1,1,1,1,1,1,0,20231013,20231109
IDFM:TN:22091,1,1,1,1,1,1,1,20231013,20231109
IDFM:TN:22094,1,1,1,1,1,0,0,20231013,20231109
IDFM:TN:22096,1,1,1,1,1,0,1,20231013,20231109
IDFM:TN:22103,0,0,0,0,0,1,1,20231014,20231105
IDFM:TN:22105,1,0,0,0,0,0,0,20231016,20231016
IDFM:TN:22113,1,1,1,1,1,0,0,20231013,20231109
IDFM:TN:22114,1,1,1,1,1,0,1,20231013,20231109
IDFM:TN:22148,1,1,0,1,1,0,0,20231016,20231103
IDFM:TN:22149,1,0,0,0,0,0,0,20231106,20231106
IDFM:TN:22163,1,1,1,1,1,0,0,20231013,20231109
IDFM:TN:22165,1,1,1,1,1,0,0,20231013,20231109
IDFM:TN:22167,0,0,0,0,1,0,0,20231013,20231030
IDFM:TN:22168,1,1,1,1,1,0,1,20231015,20231109
IDFM:TN:22169,0,0,0,0,0,0,1,20231015,20231105
IDFM:TN:22175,0,0,0,0,0,0,1,20231015,20231029
IDFM:TN:22197,0,0,0,0,0,1,0,20231014,20231028
IDFM:TN:22206,0,0,0,0,0,1,1,20231013,20231105
IDFM:TN:22207,1,1,1,1,1,0,0,20231023,20231109
IDFM:TN:22212,1,1,1,1,1,0,0,20231013,20231108
IDFM:TN:22218,1,1,1,1,1,0,1,20231013,20231108
IDFM:TN:22219,0,0,0,0,0,0,1,20231013,20231108
IDFM:TN:22232,0,0,0,0,0,0,1,20231014,20231105
IDFM:TN:22234,0,0,0,0,0,0,1,20231015,20231029
IDFM:TN:22235,0,1,1,1,0,0,0,20231017,20231109
IDFM:TN:22239,1,1,1,0,1,0,0,20231013,20231108
IDFM:TN:22247,0,0,0,0,0,0,1,20231015,20231105
IDFM:TN:22250,1,1,1,1,1,0,0,20231023,20231103
IDFM:TN:22270,1,0,0,0,0,0,0,20231016,20231106
IDFM:TN:22272,0,1,1,1,0,0,0,20231013,20231109
IDFM:TN:22279,0,0,1,1,1,0,0,20231018,20231020
IDFM:TN:22281,1,1,1,1,1,0,0,20231016,20231027
IDFM:TN:22285,0,1,1,0,1,0,0,20231013,20231108
IDFM:TN:22287,0,1,0,0,1,0,0,20231031,20231103
IDFM:TN:22295,0,0,0,0,1,0,0,20231013,20231027
IDFM:TN:22297,1,1,0,1,1,0,0,20231016,20231103
IDFM:TN:22328,0,0,0,0,0,0,1,20231029,20231105
IDFM:TN:22355,0,1,0,1,1,0,0,20231013,20231103
IDFM:TN:22356,0,0,0,0,1,0,0,20231013,20231105
IDFM:TN:22357,1,1,1,1,1,0,1,20231013,20231108
IDFM:TN:22358,1,1,1,1,1,0,0,20231013,20231108
IDFM:TN:22363,1,1,1,1,1,1,0,20231023,20231108
IDFM:TN:22376,1,1,1,1,1,0,0,20231013,20231108
IDFM:TN:22377,1,1,1,1,1,0,0,20231013,20231108
IDFM:TN:22380,0,0,0,0,0,1,0,20231014,20231022
IDFM:TN:22394,1,1,0,1,1,0,0,20231013,20231104
IDFM:TN:22414,0,0,0,0,1,0,0,20231013,20231105
IDFM:TN:22415,1,1,1,1,1,0,0,20231013,20231105
IDFM:TN:22420,1,1,1,1,1,0,0,20231030,20231103
IDFM:TN:22424,1,1,0,0,1,0,0,20231013,20231031
IDFM:TN:22437,1,1,1,1,1,0,0,20231013,20231108
IDFM:TN:22438,1,1,1,1,1,0,0,20231013,20231108
IDFM:TN:22453,1,1,1,0,0,0,0,20231106,20231108
IDFM:TN:22509,1,1,1,1,0,0,0,20231013,20231108
IDFM:TN:22529,1,0,0,1,1,0,0,20231013,20231103
IDFM:TN:22542,1,1,1,0,1,0,0,20231013,20231108
IDFM:TN:22547,1,1,0,1,1,0,0,20231013,20231108
IDFM:TN:22553,1,1,1,1,1,0,0,20231013,20231108
IDFM:TN:22565,1,0,0,0,0,0,0,20231016,20231106
IDFM:TN:22612,1,1,1,1,1,1,0,20231013,20231109
IDFM:TN:22705,0,1,0,0,1,0,0,20231013,20231108
IDFM:TN:22709,1,0,0,0,0,0,0,20231030,20231106
IDFM:TN:22719,0,0,0,0,1,0,0,20231013,20231106
IDFM:TN:22721,1,1,1,1,1,0,0,20231013,20231108
IDFM:TN:22744,1,1,1,1,0,0,0,20231016,20231108
IDFM:TN:22747,0,0,0,0,0,1,1,20231021,20231101
IDFM:TN:22758,0,0,0,0,1,0,0,20231013,20231020
IDFM:TN:22769,1,0,0,0,0,0,0,20231023,20231030
IDFM:TN:22770,1,1,1,1,1,0,0,20231023,20231108
IDFM:TN:22772,0,1,1,1,1,0,0,20231024,20231108
IDFM:TN:22782,1,1,1,1,0,0,0,20231016,20231108
IDFM:TN:22814,0,0,0,0,1,0,0,20231013,20231027
IDFM:TN:22816,1,0,0,0,0,0,0,20231017,20231108
IDFM:TN:22819,0,1,0,0,0,0,0,20231031,20231107
IDFM:TN:22826,1,1,1,1,1,0,0,20231016,20231108
IDFM:TN:22839,0,0,0,0,1,0,0,20231013,20231103
IDFM:TN:22874,0,0,0,0,0,1,0,20231014,20231104
IDFM:TN:22900,1,1,1,1,1,1,0,20231013,20231109
IDFM:TN:22906,0,0,0,0,0,0,1,20231015,20231101
IDFM:TN:22944,1,1,1,1,0,0,0,20231016,20231109
IDFM:TN:22950,0,0,0,0,0,1,1,20231014,20231104
IDFM:TN:23026,1,1,1,1,1,0,0,20231013,20231109
IDFM:TN:23031,0,1,1,1,1,1,0,20231013,20231109
IDFM:TN:23038,1,1,1,1,1,1,1,20231013,20231109
IDFM:TN:23051,1,1,1,1,1,0,0,20231013,20231109
IDFM:TN:23129,0,1,1,1,1,1,0,20231013,20231109
IDFM:TN:23134,0,0,0,0,0,0,1,20231021,20231029
IDFM:TN:23159,1,1,1,1,1,0,0,20231013,20231109
IDFM:TN:23195,0,0,0,0,0,1,1,20231014,20231105
IDFM:TN:23207,1,0,0,0,0,0,0,20231022,20231030
IDFM:TN:23229,0,0,0,0,0,1,0,20231014,20231104
IDFM:TN:23378,0,0,0,0,0,0,1,20231015,20231105
IDFM:TN:23398,1,0,0,0,0,0,0,20231016,20231106
IDFM:TN:24121,0,0,0,0,1,0,0,20231020,20231101
IDFM:TN:24123,0,0,0,0,0,1,0,20231021,20231102
IDFM:TN:24141,0,1,1,1,1,0,0,20231013,20231109
IDFM:TN:25112,1,1,1,1,1,1,1,20231013,20231109
IDFM:TN:26290,1,1,1,1,1,0,0,20231016,20231109
IDFM:TN:26301,1,1,1,1,1,0,0,20231016,20231109
IDFM:TN:26374,1,1,1,1,1,0,0,20231013,20231103
IDFM:TN:26533,0,0,0,0,0,1,1,20231014,20231105
IDFM:TN:26573,0,0,0,0,0,1,0,20231014,20231104
IDFM:TN:27083,1,1,1,1,1,0,0,20231013,20231103
IDFM:TN:27338,0,1,1,1,1,1,0,20231013,20231104
IDFM:TN:27641,0,1,1,1,1,1,0,20231031,20231104
IDFM:TN:27649,0,1,1,1,1,1,0,20231013,20231109
IDFM:TN:27783,0,1,1,1,1,0,0,20231013,20231027
IDFM:TN:27882,0,0,0,0,1,0,0,20231013,20231105
IDFM:TN:28642,0,1,1,1,1,1,0,20231013,20231109
IDFM:TN:28795,1,1,1,1,1,1,0,20231013,20231109
IDFM:TN:29101,0,0,0,0,0,1,1,20231014,20231028
IDFM:TN:29178,1,0,0,0,0,0,0,20231030,20231030
IDFM:TN:29643,0,0,0,0,0,1,1,20231021,20231105
IDFM:TN:29707,1,1,1,1,1,0,0,20231013,20231109
IDFM:TN:30414,1,1,1,1,1,1,1,20231013,20231105
IDFM:TN:30418,0,0,0,0,0,1,1,20231021,20231105
IDFM:TN:30454,0,0,0,0,0,0,1,20231015,20231109
IDFM:TN:30921,1,1,1,1,1,1,1,20231013,20231109
IDFM:TN:30970,0,0,0,0,1,1,0,20231014,20231104
IDFM:TN:30977,0,0,0,0,1,1,0,20231014,20231028
IDFM:TN:30987,1,1,1,1,1,1,0,20231013,20231108
IDFM:TN:30988,1,1,1,1,1,1,1,20231013,20231108
IDFM:TN:30990,1,1,1,1,1,0,1,20231013,20231108
IDFM:TN:31025,1,1,0,0,1,0,0,20231013,20231031
IDFM:TN:31026,1,1,0,0,1,1,1,20231013,20231031
IDFM:TN:31481,0,1,1,0,1,1,0,20231013,20231109
IDFM:TN:31632,1,1,0,1,1,0,0,20231013,20231109
IDFM:TN:31762,1,0,0,0,0,0,0,20231016,20231106
IDFM:TN:32219,0,0,0,0,0,0,1,20231013,20231109
IDFM:TN:32345,0,1,1,1,1,1,0,20231017,20231028
IDFM:TN:32548,1,1,0,1,1,1,0,20231014,20231104
IDFM:TN:32550,1,1,1,1,1,1,1,20231014,20231105
IDFM:TN:32835,1,1,1,1,1,0,0,20231013,20231109
IDFM:TN:32843,1,1,1,1,1,0,0,20231013,20231109
IDFM:TN:32878,0,1,1,1,1,0,0,20231013,20231109
IDFM:TN:32888,1,1,1,1,1,0,0,20231013,20231109
IDFM:TN:32912,1,0,0,0,0,0,0,20231016,20231106
IDFM:TN:32946,1,0,1,1,1,0,1,20231013,20231109
IDFM:TN:32947,1,0,1,1,1,0,0,20231013,20231109
IDFM:TN:32955,0,1,0,0,0,0,0,20231017,20231107
IDFM:TN:32977,0,0,1,1,1,0,0,20231013,20231109
IDFM:TN:32985,1,1,0,0,0,0,0,20231016,20231107
IDFM:TN:33000,1,1,1,1,1,0,0,20231013,20231109
IDFM:TN:33006,1,1,1,1,1,1,0,20231013,20231109
IDFM:TN:33013,0,0,0,0,0,0,1,20231022,20231101
IDFM:TN:33033,1,1,1,1,1,1,0,20231013,20231109
IDFM:TN:33035,0,1,1,1,1,0,0,20231013,20231109
IDFM:TN:33048,1,0,0,0,0,0,0,20231016,20231030
IDFM:TN:33128,0,0,1,1,1,1,0,20231013,20231109
IDFM:TN:33206,0,0,0,1,1,0,0,20231013,20231109
IDFM:TN:33216,0,1,1,0,0,0,0,20231017,20231108
IDFM:TN:33226,0,0,0,0,0,1,1,20231013,20231105
IDFM:TN:33253,1,0,0,0,1,0,0,20231013,20231030
IDFM:TN:33254,0,0,0,0,0,0,1,20231015,20231109
IDFM:TN:33256,0,0,0,0,0,1,0,20231021,20231103
IDFM:TN:33281,0,0,0,0,1,0,0,20231013,20231020
IDFM:TN:33289,1,1,1,1,0,0,0,20231016,20231019
IDFM:TN:33306,1,1,1,1,1,0,0,20231013,20231109
IDFM:TN:33357,1,1,1,0,0,0,0,20231016,20231108
IDFM:TN:33367,1,1,1,1,1,0,0,20231013,20231109
IDFM:TN:33371,1,1,1,1,1,0,0,20231013,20231109
IDFM:TN:33387,1,1,1,1,0,0,0,20231016,20231109
IDFM:TN:33404,1,1,1,1,0,1,1,20231014,20231109
IDFM:TN:33406,1,1,0,1,0,0,0,20231016,20231109
IDFM:TN:33416,1,0,0,0,0,0,0,20231023,20231106
IDFM:TN:33431,0,0,0,0,1,0,0,20231013,20231020
IDFM:TN:33437,1,1,0,1,1,0,0,20231023,20231109
IDFM:TN:33458,0,0,0,0,0,0,1,20231015,20231101
IDFM:TN:33462,0,0,0,0,1,0,0,20231020,20231103
IDFM:TN:33464,0,0,0,0,0,0,1,20231021,20231105
IDFM:TN:33465,0,0,0,0,0,0,1,20231022,20231105
IDFM:TN:33467,0,0,0,0,1,0,0,20231027,20231103
IDFM:TN:33501,0,0,0,0,1,0,0,20231016,20231103
IDFM:TN:33502,0,1,1,1,1,0,0,20231017,20231020
IDFM:TN:33504,1,1,1,1,0,0,0,20231017,20231109
IDFM:TN:33505,1,1,0,1,1,0,0,20231020,20231109
IDFM:TN:33510,0,0,0,0,0,1,0,20231021,20231104
IDFM:TN:33541,0,0,0,0,0,1,1,20231014,20231104
IDFM:TN:33552,1,1,1,1,0,0,0,20231023,20231109
IDFM:TN:33613,1,1,0,1,0,0,0,20231021,20231109
IDFM:TN:33614,0,0,0,0,0,0,1,20231021,20231105
IDFM:TN:33648,0,1,1,1,1,0,0,20231024,20231109
IDFM:TN:33649,1,1,0,1,1,0,0,20231027,20231109
IDFM:TN:33653,0,0,0,0,0,1,1,20231014,20231104
IDFM:TN:33675,0,0,1,0,0,0,0,20231018,20231108
IDFM:TN:33684,1,1,1,1,0,0,0,20231016,20231109
IDFM:TN:33696,0,1,1,1,0,0,0,20231017,20231019
IDFM:TN:10362-2023-10-28,0,0,0,0,0,1,0,20231028,20231028
IDFM:TN:1340-2023-10-28,0,0,0,0,0,1,0,20231028,20231028
IDFM:TN:1340-IDFM:TN:SNCF:eadfee11-f833-4465-a9dd-559c918dbee8-2023-10-29,0,0,0,0,0,0,1,20231015,20231105
IDFM:TN:13759-2023-10-28,0,0,0,0,0,1,0,20231028,20231028
IDFM:TN:13759-IDFM:TN:SNCF:aea291d1-c836-47de-ab92-6cb4caa399d6-2023-10-29,1,0,0,0,0,0,1,20231015,20231106
IDFM:TN:11072-2023-10-28,0,0,0,0,0,1,0,20231028,20231028
IDFM:TN:11072-IDFM:TN:SNCF:b95857c6-7116-460e-872e-6ee24f449098-2023-10-29,0,0,0,0,0,0,1,20231015,20231022
IDFM:TN:14952-2023-10-28,0,0,0,0,0,1,0,20231028,20231028
IDFM:TN:14952-IDFM:TN:SNCF:5cf92851-7072-43b7-bb77-616ec6c6c449-2023-10-29,1,0,0,0,0,0,1,20231015,20231106
IDFM:TN:13269-2023-10-28,0,0,0,0,0,1,0,20231028,20231028
IDFM:TN:13269-IDFM:TN:SNCF:6200cafc-d5a1-4157-b590-be2a070cf2e7-2023-10-29,1,0,0,0,0,0,0,20231030,20231106
IDFM:TN:13759-IDFM:TN:SNCF:1bd3e140-40aa-4a9c-b83e-f4eb0d8623c3-2023-10-29,1,0,0,0,0,0,1,20231015,20231106
IDFM:TN:14952-IDFM:TN:SNCF:cb6f81cc-e001-4bae-be26-daa23ed82514-2023-10-29,1,0,0,0,0,0,1,20231015,20231106
IDFM:TN:1007-2023-10-28,0,0,0,0,0,1,0,20231028,20231028
IDFM:TN:1007-IDFM:TN:SNCF:22a12c8b-0037-4ec2-9b1b-d6c74d9fece3-2023-10-29,0,0,0,0,0,1,1,20231014,20231105
IDFM:TN:13269-IDFM:TN:SNCF:229a1c83-2454-4cd7-b979-343cd1056719-2023-10-29,1,0,0,0,0,0,0,20231030,20231106
IDFM:TN:14952-IDFM:TN:SNCF:72a8baca-bd6f-43a0-baeb-6e1b23561f21-2023-10-29,1,0,0,0,0,0,1,20231015,20231106
IDFM:TN:2078-2023-10-28,0,0,0,0,0,1,0,20231028,20231028
IDFM:TN:2078-IDFM:TN:SNCF:c88596bc-c126-42fb-8003-94c2c29a6786-2023-10-29,0,0,0,0,0,0,1,20231015,20231105
IDFM:TN:26683-2023-10-28,0,0,0,0,0,1,0,20231028,20231028
IDFM:TN:26683-IDFM:TN:SNCF:679c966d-5267-4ea1-aedb-30c237f6c52d-2023-10-29,0,0,0,0,0,0,1,20231015,20231105
IDFM:TN:11339-2023-10-28,0,0,0,0,0,1,0,20231028,20231028
IDFM:TN:11339-IDFM:TN:SNCF:2e45c2e2-27bc-49fe-a7b1-ef5748958b36-2023-10-29,1,0,0,0,0,0,1,20231013,20231109
IDFM:TN:11072-IDFM:TN:SNCF:370147f5-de13-4dac-8b1e-4215668bf85e-2023-10-29,0,0,0,0,0,0,1,20231015,20231022
IDFM:TN:10-2023-10-28,0,0,0,0,0,1,0,20231028,20231028
IDFM:TN:10-IDFM:TN:SNCF:e797f279-697d-4bc6-8df2-d55f6957d2b7-2023-10-29,1,1,1,1,1,1,1,20231013,20231109
IDFM:TN:1007-IDFM:TN:SNCF:4f2e1d4e-9dc4-4177-8c88-7d78e7f838e3-2023-10-29,0,0,0,0,0,1,1,20231014,20231105
IDFM:TN:9781-2023-10-28,0,0,0,0,0,1,0,20231028,20231028
IDFM:TN:9781-IDFM:TN:SNCF:ad1d7468-486f-48eb-9624-56ba0f1aa3be-2023-10-29,1,0,0,0,0,0,1,20231015,20231106
IDFM:TN:14952-IDFM:TN:SNCF:3f924243-a1b2-4bba-98d2-0ef2182553ac-2023-10-29,1,0,0,0,0,0,1,20231015,20231106
IDFM:TN:1007-IDFM:TN:SNCF:afe47f96-b871-43ab-90f9-f6bbd2c0048f-2023-10-29,0,0,0,0,0,1,1,20231014,20231105
IDFM:TN:13759-IDFM:TN:SNCF:a3f8044b-cb02-4255-a86b-64c14a2933dd-2023-10-29,1,0,0,0,0,0,1,20231015,20231106
IDFM:TN:2078-IDFM:TN:SNCF:07088d57-1c70-417f-8466-a44e36a8a80f-2023-10-29,0,0,0,0,0,0,1,20231015,20231105
IDFM:TN:1340-IDFM:TN:SNCF:ba449df4-ec28-4ff0-aecc-03e5e7931e5e-2023-10-29,0,0,0,0,0,0,1,20231015,20231105
IDFM:TN:16845-2023-10-28,0,0,0,0,0,1,0,20231028,20231028
IDFM:TN:16845-IDFM:TN:SNCF:008b2133-49a7-4aac-a6c2-b244c95bee71-2023-10-29,1,0,0,0,0,0,0,20231015,20231030
IDFM:TN:16845-IDFM:TN:SNCF:8eebdd32-0aa2-4021-84f9-459a2c2370b7-2023-10-29,1,0,0,0,0,0,0,20231015,20231030
IDFM:TN:10031-2023-10-28,0,0,0,0,0,1,0,20231028,20231028
IDFM:TN:10031-IDFM:TN:SNCF:015b15f8-bf08-4a84-9193-e679387de249-2023-10-29,0,0,0,0,0,1,1,20231014,20231105
IDFM:TN:11339-IDFM:TN:SNCF:e7e50c49-b2ba-4893-b722-2333c4047b73-2023-10-29,1,0,0,0,0,0,1,20231013,20231109
IDFM:TN:29102-2023-10-28,0,0,0,0,0,1,0,20231028,20231028
IDFM:TN:29102-IDFM:TN:SNCF:90141add-c880-44a7-87ba-e3b1041ccb08-2023-10-29,1,0,0,0,0,0,1,20231015,20231023
IDFM:TN:2078-IDFM:TN:SNCF:fce46990-d5a9-4b80-a734-c50f2fd78249-2023-10-29,0,0,0,0,0,0,1,20231015,20231105
IDFM:TN:13759-IDFM:TN:SNCF:91b68e08-0bee-48c4-8839-e3327538fc94-2023-10-29,1,0,0,0,0,0,1,20231015,20231106
IDFM:TN:11072-IDFM:TN:SNCF:20cf599f-dc79-42bc-9990-d1cb82a71c9d-2023-10-29,0,0,0,0,0,0,1,20231015,20231022
IDFM:TN:13269-IDFM:TN:SNCF:7fe88b02-47f2-4dd8-96b5-a4cd030bec89-2023-10-29,1,0,0,0,0,0,0,20231030,20231106
IDFM:TN:14953-2023-10-28,0,0,0,0,0,1,0,20231028,20231028
IDFM:TN:14953-IDFM:TN:SNCF:c87d03d8-bdc0-411c-9cd8-e44c77d24746-2023-10-29,1,0,0,0,0,0,1,20231015,20231109
IDFM:TN:10-IDFM:TN:SNCF:e19d215d-f4fd-430f-b623-62ba18eeb396-2023-10-29,1,1,1,1,1,1,1,20231013,20231109
IDFM:TN:1340-IDFM:TN:SNCF:fd570057-052e-444b-bbdd-d35a6c6681a5-2023-10-29,0,0,0,0,0,0,1,20231015,20231105
IDFM:TN:16845-IDFM:TN:SNCF:c02cfdfc-979b-40f9-8862-a39f71a16916-2023-10-29,1,0,0,0,0,0,0,20231015,20231030
IDFM:TN:13214-2023-10-28,0,0,0,0,0,1,0,20231028,20231028
IDFM:TN:13214-IDFM:TN:SNCF:ac9158a0-a72c-4bf3-b1d8-56a042de5a8a-2023-10-29,0,0,0,0,0,0,1,20231105,20231105
IDFM:TN:32554-2023-10-28,0,0,0,0,0,1,0,20231028,20231028
IDFM:TN:32554-IDFM:TN:SNCF:3588ed37-894a-4c96-9edf-0317b0be5e6c-2023-10-29,1,1,1,1,1,1,1,20231015,20231106
IDFM:TN:14952-IDFM:TN:SNCF:779fd80c-3d1d-497d-b809-a45f22d3b028-2023-10-29,1,0,0,0,0,0,1,20231015,20231106
IDFM:TN:13269-IDFM:TN:SNCF:8eb22c77-62b3-4505-b488-382144a67a8a-2023-10-29,1,0,0,0,0,0,0,20231030,20231106
IDFM:TN:8238-2023-10-28,0,0,0,0,0,1,0,20231028,20231028
IDFM:TN:8238-IDFM:TN:SNCF:4ae9fca0-c219-40f6-bd87-c372ed2ae986-2023-10-29,1,0,0,0,0,0,0,20231030,20231030
IDFM:TN:14952-IDFM:TN:SNCF:726f0391-c2d4-4dd0-b584-55f0a9582666-2023-10-29,1,0,0,0,0,0,1,20231015,20231106
IDFM:TN:18759-2023-10-28,0,0,0,0,0,1,0,20231028,20231028
IDFM:TN:18759-IDFM:TN:SNCF:0ec7c77c-48a0-4def-939e-a3764803d3f1-2023-10-29,0,0,0,0,0,0,1,20231015,20231022
IDFM:TN:14952-IDFM:TN:SNCF:979bbd8b-20f5-4e61-91cd-f4e190f00c5c-2023-10-29,1,0,0,0,0,0,1,20231015,20231106
IDFM:TN:14952-IDFM:TN:SNCF:0a40e792-1edc-4911-9933-fe1f245d6f58-2023-10-29,1,0,0,0,0,0,1,20231015,20231106
IDFM:TN:10-IDFM:TN:SNCF:76462571-4035-489f-8e1e-016120092525-2023-10-29,1,1,1,1,1,1,1,20231013,20231109
IDFM:TN:14952-IDFM:TN:SNCF:9496cb5d-1843-4ac8-b46f-9245569098d3-2023-10-29,1,0,0,0,0,0,1,20231015,20231106
IDFM:TN:16845-IDFM:TN:SNCF:d69b00ae-f30e-4fe5-b173-b12135c7a860-2023-10-29,1,0,0,0,0,0,0,20231015,20231030
IDFM:TN:14952-IDFM:TN:SNCF:feb5049b-d2c5-44da-bcb0-43e0f3548c23-2023-10-29,1,0,0,0,0,0,1,20231015,20231106
IDFM:TN:14952-IDFM:TN:SNCF:38175be0-a458-4ad8-bc6a-0d27d61e9def-2023-10-29,1,0,0,0,0,0,1,20231015,20231106
IDFM:TN:16845-IDFM:TN:SNCF:fe5155a9-3e93-45d3-94a3-4169d21ed5fd-2023-10-29,1,0,0,0,0,0,0,20231015,20231030
IDFM:TN:13759-IDFM:TN:SNCF:af5eb6b6-8e1a-460e-b539-0f5a4f151235-2023-10-29,1,0,0,0,0,0,1,20231015,20231106
IDFM:TN:11072-IDFM:TN:SNCF:547344cf-df9e-40db-989b-d79fc5f746c6-2023-10-29,0,0,0,0,0,0,1,20231015,20231022
IDFM:TN:14952-IDFM:TN:SNCF:fcf3f7cd-374d-450c-8d21-3c6535719a1f-2023-10-29,1,0,0,0,0,0,1,20231015,20231106
IDFM:TN:16845-IDFM:TN:SNCF:88487fe7-6ff8-4efc-ae5a-4762c0d941fe-2023-10-29,1,0,0,0,0,0,0,20231015,20231030
IDFM:TN:18741-2023-10-28,0,0,0,0,0,1,0,20231028,20231028
IDFM:TN:18741-IDFM:TN:SNCF:692adec8-afa3-40bf-85d0-3a2207f9232e-2023-10-29,1,0,0,0,0,0,0,20231015,20231102
IDFM:TN:11582-2023-10-28,0,0,0,0,0,1,0,20231028,20231028
IDFM:TN:11582-IDFM:TN:SNCF:85f04823-e03a-41df-8a66-aa7bb9f3237e-2023-10-29,0,0,0,0,0,1,0,20231021,20231028
IDFM:TN:10360-2023-10-28,0,0,0,0,0,1,0,20231028,20231028
IDFM:TN:10360-IDFM:TN:SNCF:590daea9-84e6-4439-8925-fcef18cbad25-2023-10-29,1,0,0,0,0,0,1,20231015,20231106
IDFM:TN:18741-IDFM:TN:SNCF:f9c6a40f-507f-4055-b352-a061375941f6-2023-10-29,1,0,0,0,0,0,0,20231015,20231102
IDFM:TN:13759-IDFM:TN:SNCF:76255ab5-8b0b-4d3a-b28d-6761d8f2ee47-2023-10-29,1,0,0,0,0,0,1,20231015,20231106
IDFM:TN:13269-IDFM:TN:SNCF:c33bcc56-d153-4f8d-97f4-f7969ceb318a-2023-10-29,1,0,0,0,0,0,0,20231030,20231106
IDFM:TN:13269-IDFM:TN:SNCF:6a4c0bbc-7cd4-4c7f-ac38-378d928920e5-2023-10-29,1,0,0,0,0,0,0,20231030,20231106
IDFM:TN:11072-IDFM:TN:SNCF:9cb4264f-c2d2-4a5e-a9b2-cf11d763f430-2023-10-29,0,0,0,0,0,0,1,20231015,20231022
IDFM:TN:16845-IDFM:TN:SNCF:9df6e8e4-23ce-4ff4-96f5-90fd354e9398-2023-10-29,1,0,0,0,0,0,0,20231015,20231030
IDFM:TN:14952-IDFM:TN:SNCF:1b5f4fad-07ad-4d14-ba51-148082e60cb1-2023-10-29,1,0,0,0,0,0,1,20231015,20231106
IDFM:TN:26683-IDFM:TN:SNCF:5eae84e4-b172-483d-9072-d4280c3433fa-2023-10-29,0,0,0,0,0,0,1,20231015,20231105
IDFM:TN:9781-IDFM:TN:SNCF:f87a6fff-69f1-48cb-a53c-40c6306a66c7-2023-10-29,1,0,0,0,0,0,1,20231015,20231106
IDFM:TN:10031-IDFM:TN:SNCF:1d9e49dd-63b0-4e65-9f9d-3605e1ba7411-2023-10-29,0,0,0,0,0,1,1,20231014,20231105
IDFM:TN:13759-IDFM:TN:SNCF:591d2873-e136-42e5-a8e1-2c34b3b176ba-2023-10-29,1,0,0,0,0,0,1,20231015,20231106
IDFM:TN:13123-2023-10-28,0,0,0,0,0,1,0,20231028,20231028
IDFM:TN:13123-IDFM:TN:SNCF:fac3b849-03bc-4af0-bbea-fd8ed833e2db-2023-10-29,1,0,0,0,0,0,1,20231013,20231109
IDFM:TN:14952-IDFM:TN:SNCF:ae1066be-10b0-4511-a8e0-1083d2015bc5-2023-10-29,1,0,0,0,0,0,1,20231015,20231106
IDFM:TN:13269-IDFM:TN:SNCF:e63f9576-5b65-48e7-9b79-5972fea98ccd-2023-10-29,1,0,0,0,0,0,0,20231030,20231106
IDFM:TN:14952-IDFM:TN:SNCF:628310c2-917e-475b-a7dc-c5d69ff88abb-2023-10-29,1,0,0,0,0,0,1,20231015,20231106
IDFM:TN:10360-IDFM:TN:SNCF:643e3a4c-d4d7-48d5-b41f-ea248bb6ef81-2023-10-29,1,0,0,0,0,0,1,20231015,20231106
IDFM:TN:13269-IDFM:TN:SNCF:aee42113-2088-427d-b2f8-66e720579bd0-2023-10-29,1,0,0,0,0,0,0,20231030,20231106
IDFM:TN:16845-IDFM:TN:SNCF:a7e5f96b-37c5-4b6f-adcf-161d3eb2dab2-2023-10-29,1,0,0,0,0,0,0,20231015,20231030
IDFM:TN:14952-IDFM:TN:SNCF:1aee20cf-58ef-484c-9231-d6bfac3d2158-2023-10-29,1,0,0,0,0,0,1,20231015,20231106
IDFM:TN:2078-IDFM:TN:SNCF:8b85ed5f-86fb-47d3-90c2-e5b527dabc2e-2023-10-29,0,0,0,0,0,0,1,20231015,20231105
IDFM:TN:32554-IDFM:TN:SNCF:a0397c4e-20a9-4825-b92d-748208de103f-2023-10-29,1,1,1,1,1,1,1,20231015,20231106
IDFM:TN:16845-IDFM:TN:SNCF:d4c4dca9-a84f-415d-814c-13f1820e269a-2023-10-29,1,0,0,0,0,0,0,20231015,20231030
IDFM:TN:29102-IDFM:TN:SNCF:83de8618-faa2-4b45-bb7a-0fa3aeded313-2023-10-29,1,0,0,0,0,0,1,20231015,20231023
IDFM:TN:1007-IDFM:TN:SNCF:e1aa1c45-451f-4089-9a08-94f7555b630d-2023-10-29,0,0,0,0,0,1,1,20231014,20231105
IDFM:TN:1340-IDFM:TN:SNCF:9e2ca186-bd8a-4f10-bc53-c0e72aeb5569-2023-10-29,0,0,0,0,0,0,1,20231015,20231105
IDFM:TN:10031-IDFM:TN:SNCF:78697885-57af-4798-926b-61bec96ac6b4-2023-10-29,0,0,0,0,0,1,1,20231014,20231105
IDFM:TN:18741-IDFM:TN:SNCF:025006f9-7ec5-4b13-8b6b-fc21da4a688f-2023-10-29,1,0,0,0,0,0,0,20231015,20231102
IDFM:TN:14952-IDFM:TN:SNCF:929d5d9e-dc55-442c-8b32-d0e58ce2eeef-2023-10-29,1,0,0,0,0,0,1,20231015,20231106
IDFM:TN:29102-IDFM:TN:SNCF:15fff6b2-52a9-48a1-8c1f-cb7b8df060b0-2023-10-29,1,0,0,0,0,0,1,20231015,20231023
IDFM:TN:16845-IDFM:TN:SNCF:03416867-3da1-4ff5-8529-ee086e2fea53-2023-10-29,1,0,0,0,0,0,0,20231015,20231030
IDFM:TN:26683-IDFM:TN:SNCF:7b591ab5-4bb4-4689-a501-6d80c4cbaaa5-2023-10-29,0,0,0,0,0,0,1,20231015,20231105
IDFM:TN:10031-IDFM:TN:SNCF:7fc1ae4c-ae57-4b99-b610-2eb2f6fcdfb5-2023-10-29,0,0,0,0,0,1,1,20231014,20231105
IDFM:TN:29102-IDFM:TN:SNCF:fed88a13-396e-48b4-a0e0-74273a91ef83-2023-10-29,1,0,0,0,0,0,1,20231015,20231023
IDFM:TN:13214-IDFM:TN:SNCF:cd0c79ba-0471-44b5-b458-f5cefc39d8b4-2023-10-29,0,0,0,0,0,0,1,20231105,20231105
IDFM:TN:25112-2023-10-28,0,0,0,0,0,1,0,20231028,20231028
IDFM:TN:25112-IDFM:TN:SNCF:092beff1-30fe-4565-a956-a4cb12102aed-2023-10-29,1,1,1,1,1,1,1,20231013,20231109
IDFM:TN:13759-IDFM:TN:SNCF:bb42d39d-7bfe-4cc7-8dda-3f8df893a542-2023-10-29,1,0,0,0,0,0,1,20231015,20231106
IDFM:TN:14952-IDFM:TN:SNCF:f1809d77-f351-4b65-98cf-d40ede7e4d81-2023-10-29,1,0,0,0,0,0,1,20231015,20231106
IDFM:TN:13759-IDFM:TN:SNCF:c5389c48-2e40-4d70-90d2-8acf6d330d29-2023-10-29,1,0,0,0,0,0,1,20231015,20231106
IDFM:TN:13759-IDFM:TN:SNCF:0d240ce5-ab34-48fd-a67b-b74d308b10eb-2023-10-29,1,0,0,0,0,0,1,20231015,20231106
IDFM:TN:13269-IDFM:TN:SNCF:9a78295c-e454-479a-9440-c6d0a8ef43cf-2023-10-29,1,0,0,0,0,0,0,20231030,20231106
IDFM:TN:14952-IDFM:TN:SNCF:e2d94e32-de43-44e9-8b9a-90b56d64eafd-2023-10-29,1,0,0,0,0,0,1,20231015,20231106
IDFM:TN:13269-IDFM:TN:SNCF:b7aee910-0c6c-42a7-9d13-48caf0aabbf0-2023-10-29,1,0,0,0,0,0,0,20231030,20231106
IDFM:TN:25112-IDFM:TN:SNCF:6e3c6a59-d6af-47aa-8af5-ee32f3c4cf27-2023-10-29,1,1,1,1,1,1,1,20231013,20231109
IDFM:TN:14952-IDFM:TN:SNCF:864aa0ad-558d-4de9-a894-85a3d04f15b3-2023-10-29,1,0,0,0,0,0,1,20231015,20231106
IDFM:TN:1340-IDFM:TN:SNCF:fbaba0a0-bbaa-4150-aea9-b0d84951d116-2023-10-29,0,0,0,0,0,0,1,20231015,20231105
IDFM:TN:14952-IDFM:TN:SNCF:bc3b9782-89a4-4a47-97c3-a0c820dd6fb0-2023-10-29,1,0,0,0,0,0,1,20231015,20231106
IDFM:TN:10-IDFM:TN:SNCF:eeed284c-80bf-497c-9a0a-e68297d595ba-2023-10-29,1,1,1,1,1,1,1,20231013,20231109
IDFM:TN:10-IDFM:TN:SNCF:35f9e16d-3a82-4ce0-b0b7-6027a7222399-2023-10-29,1,1,1,1,1,1,1,20231013,20231109
IDFM:TN:13759-IDFM:TN:SNCF:83b2b13c-689a-4651-9f4e-58addf1e384b-2023-10-29,1,0,0,0,0,0,1,20231015,20231106
IDFM:TN:2078-IDFM:TN:SNCF:b59c3564-74aa-46ff-953d-dbafc466926f-2023-10-29,0,0,0,0,0,0,1,20231015,20231105
IDFM:TN:29102-IDFM:TN:SNCF:8f0ded4d-d5d5-49e7-8c92-8b8bc53e5f5d-2023-10-29,1,0,0,0,0,0,1,20231015,20231023
IDFM:TN:13759-IDFM:TN:SNCF:308593f5-1b71-49b7-a5e3-36df0a027cf3-2023-10-29,1,0,0,0,0,0,1,20231015,20231106
IDFM:TN:13269-IDFM:TN:SNCF:61bfb606-7c62-48db-8cfb-3ec7c2d07dbf-2023-10-29,1,0,0,0,0,0,0,20231030,20231106
IDFM:TN:10-IDFM:TN:SNCF:64e39837-3d96-48b9-90b2-54bf32be19d8-2023-10-29,1,1,1,1,1,1,1,20231013,20231109
IDFM:TN:13269-IDFM:TN:SNCF:c18aff17-061d-4a1d-8520-ac4aacf9a6a5-2023-10-29,1,0,0,0,0,0,0,20231030,20231106
IDFM:TN:14952-IDFM:TN:SNCF:3d7630ea-2f73-4f88-b54c-7f8bfc016bc2-2023-10-29,1,0,0,0,0,0,1,20231015,20231106
IDFM:TN:2078-IDFM:TN:SNCF:f48dbbe0-9676-425c-a999-60e9e8d8d220-2023-10-29,0,0,0,0,0,0,1,20231015,20231105
IDFM:TN:14953-IDFM:TN:SNCF:5e81c31f-b205-4dd3-9ff0-5ed116398b9c-2023-10-29,1,0,0,0,0,0,1,20231015,20231109
IDFM:TN:10-IDFM:TN:SNCF:4a909f55-b3f1-4736-b0f0-c3ec68a440a1-2023-10-29,1,1,1,1,1,1,1,20231013,20231109
IDFM:TN:13269-IDFM:TN:SNCF:52af5143-0726-4777-b510-2bed9f539073-2023-10-29,1,0,0,0,0,0,0,20231030,20231106
IDFM:TN:16845-IDFM:TN:SNCF:8962113a-2ab7-4181-8fbb-39bd94d346e8-2023-10-29,1,0,0,0,0,0,0,20231015,20231030
IDFM:TN:10-IDFM:TN:SNCF:eb876b26-031a-47b4-8aa4-a9fb5bd54f7b-2023-10-29,1,1,1,1,1,1,1,20231013,20231109
IDFM:TN:2078-IDFM:TN:SNCF:8ee61765-8f49-4141-abae-91b790996d00-2023-10-29,0,0,0,0,0,0,1,20231015,20231105
IDFM:TN:16845-IDFM:TN:SNCF:783b3179-3fb0-4155-8826-e92c2f6ed5c7-2023-10-29,1,0,0,0,0,0,0,20231015,20231030
IDFM:TN:25112-IDFM:TN:SNCF:fc832aa6-5e20-4209-b91d-5283163ceb86-2023-10-29,1,1,1,1,1,1,1,20231013,20231109
IDFM:TN:22104-2023-10-28,0,0,0,0,0,1,0,20231028,20231028
IDFM:TN:16845-IDFM:TN:SNCF:7164a9b6-ea1c-4084-896f-4b452f558d4d-2023-10-29,1,0,0,0,0,0,0,20231015,20231030
IDFM:TN:14952-IDFM:TN:SNCF:4aa42e29-7ef2-42c5-89b5-74d45889f0bc-2023-10-29,1,0,0,0,0,0,1,20231015,20231106
IDFM:TN:11582-IDFM:TN:SNCF:2b177560-3937-4bd4-a6c4-76c29ff9908e-2023-10-29,0,0,0,0,0,1,0,20231021,20231028
IDFM:TN:13269-IDFM:TN:SNCF:9b37b8bf-ceda-4e7c-a43e-fdabec357c60-2023-10-29,1,0,0,0,0,0,0,20231030,20231106
IDFM:TN:13123-IDFM:TN:SNCF:0b3385b1-443d-4a4c-928b-e7b020888735-2023-10-29,1,0,0,0,0,0,1,20231013,20231109
IDFM:TN:16845-IDFM:TN:SNCF:c28f7484-087a-4134-b3b2-4ba2a0b4e41d-2023-10-29,1,0,0,0,0,0,0,20231015,20231030
IDFM:TN:13269-IDFM:TN:SNCF:0e19c4f5-7839-4d72-b9a9-b6301bae0443-2023-10-29,1,0,0,0,0,0,0,20231030,20231106
IDFM:TN:13269-IDFM:TN:SNCF:15934e83-797c-4123-a591-4a4aad4b1e75-2023-10-29,1,0,0,0,0,0,0,20231030,20231106
IDFM:TN:13269-IDFM:TN:SNCF:3ff91988-f4c6-4a1e-999e-f651b1ced545-2023-10-29,1,0,0,0,0,0,0,20231030,20231106
IDFM:TN:16845-IDFM:TN:SNCF:132918c3-8071-47f0-9737-2073c4306b8e-2023-10-29,1,0,0,0,0,0,0,20231015,20231030
IDFM:TN:12532-2023-10-28,0,0,0,0,0,1,0,20231028,20231028
IDFM:TN:12532-IDFM:TN:SNCF:b9738742-a545-4afb-8888-e3e475c87bc9-2023-10-29,1,0,0,0,0,0,1,20231015,20231106
IDFM:TN:12532-IDFM:TN:SNCF:2dd91061-53bd-4dab-8576-66ca75372656-2023-10-29,1,0,0,0,0,0,1,20231015,20231106
IDFM:TN:13214-IDFM:TN:SNCF:29c201a9-692e-42a4-817d-e5447775263f-2023-10-29,0,0,0,0,0,0,1,20231105,20231105
IDFM:TN:16845-IDFM:TN:SNCF:c40a8c1f-f819-44cf-a817-f12c74b435af-2023-10-29,1,0,0,0,0,0,0,20231015,20231030
IDFM:TN:22241-2023-10-28,0,0,0,0,0,1,0,20231028,20231028
IDFM:TN:16845-IDFM:TN:SNCF:41ac755b-fcb0-42fa-93e9-eba2206f83f4-2023-10-29,1,0,0,0,0,0,0,20231015,20231030
IDFM:TN:14952-IDFM:TN:SNCF:08450690-b6d4-4f05-837b-b0f7915b1a28-2023-10-29,1,0,0,0,0,0,1,20231015,20231106
IDFM:TN:14952-IDFM:TN:SNCF:76c5f5b3-d499-4ffe-9b61-a98bd24fc449-2023-10-29,1,0,0,0,0,0,1,20231015,20231106
IDFM:TN:10-IDFM:TN:SNCF:8acc3816-58df-46dd-acce-8df0943733be-2023-10-29,1,1,1,1,1,1,1,20231013,20231109
IDFM:TN:11072-IDFM:TN:SNCF:2db14012-3ca5-4231-a0da-54a5d003b779-2023-10-29,0,0,0,0,0,0,1,20231015,20231022
IDFM:TN:12532-IDFM:TN:SNCF:83d1fca8-c5a0-49e9-80be-5822f045b5e1-2023-10-29,1,0,0,0,0,0,1,20231015,20231106
IDFM:TN:13269-IDFM:TN:SNCF:6a56a91a-01d5-4ae2-ad3c-5de263361a21-2023-10-29,1,0,0,0,0,0,0,20231030,20231106
IDFM:TN:14952-IDFM:TN:SNCF:29aeb656-4cd6-4cad-bb54-1d2012bea740-2023-10-29,1,0,0,0,0,0,1,20231015,20231106
IDFM:TN:13759-IDFM:TN:SNCF:0f4c7841-6f74-4c89-b3b8-ac0c098a0a54-2023-10-29,1,0,0,0,0,0,1,20231015,20231106
IDFM:TN:11339-IDFM:TN:SNCF:decc1447-ea24-4ea4-aa38-6214f859a544-2023-10-29,1,0,0,0,0,0,1,20231013,20231109
IDFM:TN:18759-IDFM:TN:SNCF:04f6a0cd-54f8-4ccc-9559-041b3ec6dfe6-2023-10-29,0,0,0,0,0,0,1,20231015,20231022
IDFM:TN:25112-IDFM:TN:SNCF:9116d58a-af92-4c03-83ce-7c84a2b69422-2023-10-29,1,1,1,1,1,1,1,20231013,20231109
IDFM:TN:26683-IDFM:TN:SNCF:2898ca34-cd2b-4a3c-9cbb-a0bee97eb9d3-2023-10-29,0,0,0,0,0,0,1,20231015,20231105
IDFM:TN:14952-IDFM:TN:SNCF:45892163-7c3f-47e8-80c9-b51a655f6922-2023-10-29,1,0,0,0,0,0,1,20231015,20231106
IDFM:TN:2078-IDFM:TN:SNCF:09b34292-8de6-476f-9558-926cdf90274f-2023-10-29,0,0,0,0,0,0,1,20231015,20231105
IDFM:TN:13269-IDFM:TN:SNCF:9685e0fe-374a-45ba-ae97-ca10762b61a3-2023-10-29,1,0,0,0,0,0,0,20231030,20231106
IDFM:1,1,1,1,1,1,0,0,20231012,20231110
IDFM:10,1,0,0,0,0,0,0,20231016,20231106
IDFM:100,1,1,0,1,1,0,0,20231023,20231103
IDFM:1000,1,1,1,1,1,0,0,20231012,20231110
IDFM:1002,1,1,0,1,1,0,0,20231012,20231110
IDFM:1024,1,0,0,0,0,0,0,20231018,20231106
IDFM:1152,1,1,1,1,1,0,0,20231023,20231103
IDFM:1346,1,1,1,1,1,0,0,20231012,20231110
IDFM:1383,0,0,0,0,0,1,0,20231014,20231106
IDFM:1400,1,1,1,1,1,1,0,20231012,20231110
IDFM:2436,0,0,0,0,1,0,0,20231013,20231106
IDFM:2457,0,0,0,0,1,0,0,20231013,20231106
IDFM:4537,0,0,0,1,0,0,1,20231012,20231109
IDFM:4600,1,1,1,0,1,1,0,20231013,20231110
IDFM:6454,0,1,1,1,1,1,0,20231012,20231110
IDFM:6464,0,1,1,1,1,1,1,20231012,20231110
IDFM:7505,0,0,1,0,0,1,0,20231014,20231108
IDFM:7745,0,0,1,1,1,0,0,20231012,20231110
IDFM:7746,0,0,1,1,1,0,0,20231012,20231110
IDFM:7755,0,0,1,0,0,0,0,20231018,20231108
IDFM:7757,0,0,1,0,0,0,0,20231014,20231108
IDFM:7901,0,0,1,0,0,0,0,20231018,20231108
IDFM:8012,1,1,0,1,1,0,0,20231012,20231110
IDFM:8113,1,1,0,1,1,0,0,20231012,20231110
IDFM:8307,1,1,0,1,1,1,0,20231012,20231110
IDFM:8309,1,1,1,1,1,0,0,20231012,20231110
IDFM:10000,0,0,0,1,1,0,0,20231012,20231020
IDFM:10170,1,1,0,1,1,1,0,20231023,20231104
IDFM:10193,0,0,0,1,1,1,0,20231012,20231021
IDFM:10297,1,1,0,1,0,0,0,20231023,20231102
IDFM:10298,0,0,0,0,1,0,0,20231027,20231103
IDFM:10300,0,0,0,1,0,0,0,20231012,20231019
IDFM:10301,0,0,0,0,0,0,1,20231029,20231105
IDFM:10311,0,0,0,0,0,0,1,20231015,20231022
IDFM:10527,1,1,1,1,1,0,1,20231012,20231110
IDFM:11307,1,1,0,1,1,1,0,20231012,20231104
IDFM:11836,0,0,1,0,0,0,0,20231108,20231108
IDFM:11864,1,1,0,1,1,0,0,20231106,20231110
IDFM:13143,1,1,0,1,1,0,0,20231012,20231103
IDFM:13157,1,1,1,1,1,1,1,20231012,20231105
IDFM:17225,0,0,1,0,0,1,0,20231014,20231108
IDFM:17776,0,1,0,1,0,0,0,20231012,20231109
IDFM:19383,0,1,1,1,1,1,0,20231012,20231110
IDFM:19461,0,1,1,0,1,1,0,20231024,20231104
IDFM:19543,0,0,0,0,0,1,1,20231014,20231105
IDFM:20299,1,0,0,0,0,0,0,20231016,20231103
IDFM:22164,0,1,1,1,1,1,0,20231012,20231110
IDFM:25411,1,1,0,1,1,0,0,20231012,20231110
IDFM:25413,1,0,0,0,0,0,0,20231018,20231106
IDFM:25991,1,0,0,0,0,0,0,20231023,20231023
IDFM:28919,1,1,1,1,1,1,1,20231012,20231110
IDFM:29713,1,1,0,1,0,0,0,20231012,20231109
IDFM:29719,0,0,1,0,1,0,0,20231013,20231110
IDFM:35590,0,0,0,1,0,0,0,20231012,20231019
IDFM:40829,0,0,0,1,1,0,0,20231012,20231103
IDFM:40876,1,1,0,1,1,0,0,20231012,20231024
IDFM:48702,0,0,0,0,0,0,1,20231014,20231105
IDFM:48730,1,1,0,1,1,1,0,20231015,20231104
IDFM:56116,0,1,1,1,1,0,0,20231012,20231110
IDFM:57457,0,1,1,1,1,0,0,20231012,20231110
IDFM:61677,0,1,0,1,1,0,0,20231012,20231103
IDFM:77585,1,0,0,1,1,0,0,20231023,20231103
IDFM:77586,1,1,0,1,1,0,0,20231023,20231109
IDFM:77670,1,1,1,1,1,0,0,20231023,20231109
IDFM:77723,1,1,0,1,1,0,0,20231023,20231109
IDFM:77782,0,0,0,0,0,1,0,20231013,20231104
IDFM:77848,1,0,0,1,1,0,0,20231012,20231103
IDFM:77892,1,1,0,1,1,0,0,20231012,20231109
IDFM:77914,1,1,0,1,1,0,0,20231012,20231109
IDFM:77918,1,0,0,1,1,0,0,20231012,20231103
IDFM:78615,1,1,1,1,1,1,0,20231012,20231109
IDFM:78965,0,0,0,0,1,0,0,20231013,20231110
IDFM:78986,0,1,0,1,0,1,0,20231012,20231109
IDFM:78990,0,0,0,1,1,0,0,20231012,20231110
IDFM:78993,0,0,0,0,1,0,1,20231013,20231110
IDFM:79432,0,0,0,0,1,0,1,20231013,20231110
IDFM:79986,0,0,0,1,0,0,0,20231024,20231102
IDFM:79987,0,0,1,1,0,0,0,20231024,20231102
IDFM:79998,0,1,1,1,0,0,0,20231012,20231109
IDFM:80716,1,1,1,1,1,0,1,20231012,20231109
IDFM:81432,1,1,0,1,1,0,0,20231012,20231110
IDFM:82693,0,1,1,1,0,1,1,20231012,20231109
IDFM:83006,0,0,0,0,1,1,1,20231013,20231105
IDFM:85515,1,1,1,1,0,0,0,20231012,20231109
IDFM:88230,0,0,0,1,1,0,0,20231012,20231110
IDFM:88289,1,1,1,1,1,0,0,20231012,20231110
IDFM:88816,0,0,0,0,1,0,0,20231013,20231020
IDFM:88874,0,0,0,1,0,0,0,20231012,20231019
IDFM:88982,1,1,0,0,1,0,0,20231023,20231103
IDFM:89010,0,0,0,0,1,0,0,20231013,20231020
IDFM:89906,0,0,0,1,0,0,0,20231012,20231102
IDFM:91893,0,0,0,0,0,0,1,20231015,20231030
IDFM:94477,1,0,0,1,0,0,1,20231012,20231030
IDFM:94481,0,0,0,1,1,0,0,20231012,20231028
IDFM:94488,1,1,0,1,0,0,1,20231012,20231031
IDFM:94812,0,0,0,0,0,0,1,20231015,20231031
IDFM:95651,1,1,0,1,1,0,0,20231012,20231031
IDFM:95654,1,1,0,1,0,0,0,20231012,20231031
IDFM:95744,0,0,0,0,1,0,0,20231013,20231031
IDFM:96223,0,0,0,1,0,0,0,20231109,20231109
IDFM:96329,1,1,1,1,1,0,0,20231012,20231108
IDFM:96757,0,0,0,0,1,0,0,20231013,20231109
IDFM:99806,0,0,0,0,1,1,0,20231027,20231104
IDFM:100000,0,0,0,0,1,1,0,20231013,20231104
IDFM:100001,0,0,0,0,0,1,0,20231014,20231104
IDFM:100015,0,0,0,0,0,1,0,20231014,20231021
IDFM:100025,1,1,0,1,1,0,0,20231012,20231109
IDFM:100026,1,1,1,1,1,1,0,20231012,20231109
IDFM:100027,1,1,1,1,1,0,0,20231012,20231109
IDFM:100029,1,1,1,1,1,0,0,20231012,20231109
IDFM:100061,1,1,1,1,0,0,0,20231012,20231109
IDFM:100113,0,0,0,0,0,0,1,20231015,20231105
IDFM:100124,0,0,0,1,0,1,0,20231012,20231109
IDFM:100134,1,1,1,1,1,1,1,20231012,20231109
IDFM:100170,0,0,0,0,0,1,0,20231028,20231104
IDFM:100182,0,0,1,0,0,0,0,20231025,20231025
IDFM:100253,0,0,0,0,0,1,0,20231014,20231104
IDFM:100264,0,0,1,0,0,0,0,20231018,20231108
IDFM:100391,1,1,1,1,1,0,0,20231106,20231110
IDFM:101349,0,0,0,0,1,0,0,20231027,20231103
IDFM:101401,1,0,0,1,0,0,0,20231023,20231102
IDFM:101470,0,0,0,0,1,0,0,20231013,20231020
IDFM:101863,0,0,1,1,0,0,1,20231012,20231109
IDFM:102026,0,0,0,0,0,1,0,20231104,20231104
IDFM:102069,0,0,1,0,0,0,1,20231101,20231105
IDFM:102116,0,0,0,1,1,0,0,20231102,20231110
IDFM:102170,0,0,0,0,0,0,1,20231015,20231029
IDFM:102174,1,1,0,1,1,0,0,20231012,20231031
IDFM:102223,0,0,0,0,0,1,0,20231014,20231028
IDFM:102677,0,0,0,1,1,0,0,20231102,20231103
IDFM:102743,1,1,1,1,1,0,0,20231012,20231110
IDFM:103000,0,0,1,0,0,0,0,20231101,20231101
IDFM:103229,0,0,0,0,0,0,1,20231015,20231105
IDFM:103321,0,0,0,0,1,0,0,20231013,20231103
IDFM:103765,0,0,0,1,1,0,0,20231012,20231020
IDFM:103766,0,0,1,0,0,0,0,20231018,20231018
IDFM:103863,0,0,0,0,0,1,0,20231014,20231104
IDFM:104364,0,0,0,0,0,1,0,20231012,20231104
IDFM:105479,0,0,0,0,1,0,0,20231013,20231103
IDFM:105575,1,1,0,1,1,0,0,20231012,20231103
IDFM:105667,1,0,0,1,0,0,0,20231012,20231102
IDFM:105668,1,1,0,1,0,0,0,20231012,20231103
IDFM:108517,1,1,0,0,0,0,0,20231023,20231031
IDFM:108695,1,0,0,0,0,0,0,20231023,20231030
IDFM:108791,0,0,0,0,0,0,1,20231022,20231029
IDFM:109134,0,0,0,0,0,0,1,20231015,20231015
IDFM:109447,0,0,0,0,1,1,0,20231013,20231028
IDFM:109465,0,0,0,1,1,0,1,20231012,20231029
IDFM:109747,0,0,0,0,0,1,1,20231014,20231029
IDFM:109827,1,1,1,1,0,0,0,20231106,20231109
IDFM:110264,0,0,0,0,0,0,1,20231014,20231105
IDFM:110442,1,1,1,1,1,1,0,20231012,20231109
IDFM:110451,0,0,0,0,0,0,1,20231013,20231105
IDFM:111946,0,1,1,1,0,0,0,20231107,20231109
IDFM:112137,1,0,0,1,1,0,0,20231012,20231106
IDFM:112322,0,1,1,1,1,0,0,20231012,20231109
IDFM:113026,0,0,0,1,1,0,0,20231012,20231020
IDFM:113419,0,0,0,0,0,1,1,20231014,20231105
IDFM:114564,1,0,0,1,0,0,0,20231012,20231102
IDFM:114665,1,0,0,1,0,1,0,20231012,20231104
IDFM:114672,1,0,1,1,0,0,1,20231012,20231105
IDFM:115660,1,1,1,1,1,1,0,20231012,20231110
IDFM:116152,0,0,0,0,0,1,0,20231013,20231104
IDFM:116547,0,0,0,0,0,0,1,20231022,20231105
IDFM:116572,1,0,1,1,0,0,1,20231022,20231105
IDFM:116580,0,0,0,0,1,0,1,20231022,20231105
IDFM:116650,1,1,1,1,1,0,1,20231022,20231105
IDFM:117644,1,0,0,1,0,0,0,20231015,20231102
IDFM:119153,0,0,0,0,0,0,1,20231022,20231022
IDFM:119171,0,0,0,0,0,1,0,20231021,20231021
IDFM:119182,0,0,0,0,0,0,1,20231015,20231105
IDFM:119925,0,0,0,0,1,0,0,20231013,20231027
IDFM:120238,1,1,0,1,0,0,0,20231012,20231031
IDFM:123179,1,1,1,1,0,0,0,20231012,20231109
IDFM:123202,0,0,0,0,0,0,1,20231029,20231105
IDFM:123307,1,0,1,1,0,0,0,20231012,20231109
IDFM:123396,0,1,0,0,1,0,0,20231013,20231110
IDFM:123558,0,1,0,0,0,0,0,20231017,20231107
IDFM:123571,0,0,0,0,1,0,0,20231013,20231110
IDFM:123781,1,1,1,1,0,0,0,20231012,20231109
IDFM:124080,0,0,0,0,0,1,0,20231021,20231104
IDFM:124238,0,0,0,0,0,1,0,20231014,20231014
IDFM:124729,0,0,0,0,0,1,1,20231015,20231105
IDFM:124884,1,1,1,1,1,0,0,20231012,20231110
IDFM:128378,1,1,1,1,0,0,1,20231012,20231109
IDFM:128380,0,0,0,0,1,0,0,20231103,20231103
IDFM:128478,1,1,0,0,0,0,0,20231023,20231031
IDFM:128479,1,1,0,1,1,0,0,20231023,20231103
IDFM:128847,1,1,0,1,0,0,0,20231023,20231102
IDFM:129799,0,0,0,0,0,1,0,20231014,20231104
IDFM:129801,0,0,0,0,0,0,1,20231015,20231105
IDFM:129802,0,0,0,0,1,0,0,20231024,20231103
IDFM:129803,1,0,0,1,0,0,0,20231023,20231102
IDFM:129810,1,1,1,1,1,1,1,20231012,20231110
IDFM:129844,1,0,0,1,1,0,0,20231023,20231103
IDFM:129898,0,0,0,0,0,1,0,20231014,20231104
IDFM:129948,0,1,0,0,1,0,0,20231013,20231110
IDFM:129992,1,0,1,1,0,0,0,20231012,20231109
IDFM:129997,0,1,0,1,1,1,0,20231012,20231110
IDFM:130031,1,1,1,1,1,0,0,20231012,20231110
IDFM:130083,0,1,0,1,1,0,0,20231012,20231110
IDFM:130091,1,0,1,1,0,1,0,20231012,20231109
IDFM:130359,0,1,0,1,0,0,0,20231012,20231109
IDFM:130674,0,0,0,0,1,0,0,20231013,20231031
IDFM:131129,0,0,0,1,0,0,0,20231102,20231109
IDFM:131130,0,0,0,1,0,0,0,20231102,20231109
IDFM:131131,1,1,0,1,1,1,0,20231012,20231103
IDFM:131276,1,1,0,1,1,0,0,20231012,20231103
IDFM:131366,0,0,0,0,1,1,0,20231013,20231103
IDFM:131369,1,1,0,1,0,1,0,20231012,20231031
IDFM:132776,0,0,0,0,1,0,0,20231027,20231027
IDFM:133326,0,0,1,1,0,0,1,20231012,20231109
IDFM:133331,0,0,0,0,0,0,1,20231015,20231105
IDFM:133609,0,0,1,1,0,1,1,20231012,20231109
IDFM:133689,0,0,0,0,1,0,0,20231103,20231110
IDFM:133737,0,0,1,0,0,1,1,20231101,20231105
IDFM:135264,1,0,0,1,0,0,0,20231023,20231103
IDFM:135301,0,0,0,0,1,0,0,20231027,20231103
IDFM:136515,0,0,0,0,1,1,0,20231013,20231104
IDFM:137953,0,0,0,0,0,1,0,20231021,20231028
IDFM:138048,0,0,0,0,0,0,1,20231014,20231029
IDFM:138433,1,1,0,1,1,1,0,20231012,20231031
IDFM:138445,1,1,0,1,1,1,1,20231012,20231031
IDFM:138447,0,0,0,0,0,1,1,20231014,20231031
IDFM:139036,0,0,0,1,1,1,0,20231102,20231104
IDFM:139546,0,0,0,1,1,1,0,20231012,20231110
IDFM:139548,0,0,1,1,1,1,1,20231012,20231110
IDFM:140992,1,1,0,1,1,0,0,20231012,20231110
IDFM:141219,0,0,1,0,0,0,0,20231018,20231108
IDFM:141785,1,1,0,1,1,0,0,20231012,20231103
IDFM:141823,0,0,0,0,0,1,1,20231014,20231105
IDFM:142536,1,0,0,1,1,0,0,20231012,20231103
IDFM:144695,0,0,1,1,1,0,1,20231012,20231110
IDFM:144698,0,1,1,1,1,1,1,20231012,20231110
IDFM:144749,0,0,0,0,0,1,0,20231021,20231104
IDFM:144820,1,1,0,1,1,1,0,20231021,20231104
IDFM:145740,1,1,1,1,1,0,0,20231023,20231110
IDFM:145784,0,0,0,1,1,0,0,20231012,20231103
IDFM:145808,0,0,0,0,0,1,0,20231014,20231104
IDFM:145933,0,0,0,1,1,0,0,20231012,20231110
IDFM:147232,1,0,0,0,0,0,0,20231106,20231106
IDFM:147901,0,0,0,0,0,1,1,20231014,20231105
IDFM:149476,1,0,0,0,0,0,0,20231023,20231030
IDFM:149568,0,0,0,0,0,1,0,20231014,20231104
IDFM:150675,0,1,0,0,0,0,0,20231031,20231031
IDFM:152885,0,0,0,1,0,0,0,20231102,20231102
IDFM:153042,1,1,0,0,1,0,0,20231023,20231103
IDFM:153525,0,0,0,0,0,1,0,20231014,20231104
IDFM:154390,1,1,1,1,0,0,0,20231023,20231109
IDFM:154407,0,0,0,0,1,0,0,20231012,20231110
IDFM:155271,0,0,0,0,0,0,1,20231015,20231105
IDFM:156393,0,0,0,0,1,0,0,20231013,20231109
IDFM:157807,0,0,0,0,1,0,0,20231013,20231031
IDFM:157885,1,0,0,1,0,0,0,20231012,20231030
IDFM:161986,1,1,1,1,1,0,0,20231023,20231027
IDFM:161989,0,0,1,1,1,0,0,20231012,20231108
IDFM:162038,1,1,0,1,1,0,0,20231012,20231109
IDFM:162072,1,1,0,1,1,0,0,20231030,20231103
IDFM:162170,1,1,0,1,0,0,0,20231106,20231109
IDFM:162443,1,1,1,1,1,0,0,20231012,20231027
IDFM:163209,0,0,0,0,0,0,1,20231022,20231105
IDFM:164946,0,0,0,0,0,0,1,20231015,20231110
IDFM:166445,0,0,0,0,1,1,0,20231027,20231104
IDFM:166515,0,1,1,1,0,0,0,20231012,20231109
IDFM:166523,0,0,0,1,0,0,0,20231026,20231102
IDFM:166532,0,0,0,0,1,0,0,20231013,20231103
IDFM:166612,0,1,0,0,0,0,0,20231024,20231031
IDFM:166615,0,1,1,1,0,0,0,20231012,20231109
IDFM:166623,0,1,1,1,0,0,0,20231012,20231109
IDFM:166628,0,1,0,1,0,0,0,20231024,20231102
IDFM:166663,1,0,0,0,0,0,0,20231016,20231106
IDFM:166669,1,0,0,0,0,0,0,20231016,20231106
IDFM:166670,1,0,0,1,0,0,0,20231012,20231109
IDFM:166684,0,0,0,0,1,0,0,20231013,20231104
IDFM:166764,0,0,0,0,1,1,0,20231013,20231104
IDFM:166765,0,0,0,0,0,1,0,20231014,20231104
IDFM:166768,0,0,0,0,1,0,0,20231013,20231103
IDFM:166806,0,0,0,1,0,0,0,20231012,20231109
IDFM:166994,1,0,0,1,0,0,0,20231012,20231109
IDFM:166995,1,1,1,1,0,0,0,20231012,20231109
IDFM:167008,1,0,0,0,0,0,0,20231016,20231106
IDFM:167026,1,0,0,0,0,0,0,20231013,20231106
IDFM:167055,1,1,1,1,0,0,0,20231012,20231109
IDFM:167066,1,0,0,0,0,0,0,20231016,20231106
IDFM:167094,0,0,1,1,0,0,1,20231012,20231109
IDFM:167369,0,0,0,0,0,0,1,20231015,20231105
IDFM:167375,0,0,0,0,0,0,1,20231015,20231105
IDFM:167452,0,0,0,0,1,0,0,20231013,20231103
IDFM:167531,0,1,1,1,0,0,0,20231012,20231109
IDFM:167566,0,1,1,1,0,0,0,20231012,20231109
IDFM:167904,1,1,1,1,1,0,1,20231012,20231109
IDFM:168380,1,1,0,1,1,0,1,20231012,20231031
IDFM:168526,0,0,0,1,1,0,0,20231102,20231110
IDFM:168698,0,0,0,0,0,1,0,20231014,20231110
IDFM:169059,0,0,1,1,1,0,0,20231101,20231110
IDFM:170158,0,0,0,1,0,0,0,20231102,20231109
IDFM:171546,0,0,1,0,0,0,0,20231101,20231110
IDFM:171551,1,1,1,1,1,0,0,20231012,20231103
IDFM:176064,1,1,1,1,1,0,1,20231012,20231110
IDFM:176985,0,0,0,0,0,0,1,20231015,20231105
IDFM:179155,0,0,0,0,1,0,0,20231012,20231103
IDFM:182651,0,0,0,0,0,1,0,20231014,20231104
IDFM:182666,1,1,1,1,1,1,0,20231012,20231110
IDFM:183684,1,1,1,1,1,0,0,20231012,20231110
IDFM:185009,0,0,0,1,1,0,0,20231102,20231110
IDFM:185025,0,1,0,0,0,0,0,20231024,20231031
IDFM:185029,0,1,0,1,1,0,0,20231012,20231031
IDFM:185040,0,0,0,1,1,0,0,20231012,20231110
IDFM:185042,0,1,1,1,1,0,0,20231012,20231110
IDFM:185126,1,0,0,0,0,0,0,20231016,20231016
IDFM:185254,1,0,0,0,0,0,0,20231023,20231030
IDFM:185276,1,0,0,0,0,0,0,20231016,20231030
IDFM:185414,0,0,0,0,0,0,1,20231015,20231105
IDFM:185486,0,0,0,0,0,0,1,20231022,20231029
IDFM:185504,0,0,0,0,0,1,1,20231014,20231105
IDFM:185543,0,0,0,0,0,1,1,20231104,20231105
IDFM:185584,1,1,1,1,1,1,1,20231012,20231110
IDFM:187697,0,0,1,0,0,0,0,20231018,20231025
IDFM:187775,1,1,0,1,1,0,0,20231012,20231103
IDFM:188788,0,0,1,0,0,1,0,20231014,20231108
IDFM:191688,0,0,1,1,1,0,0,20231101,20231110
IDFM:191889,1,1,1,1,1,0,0,20231012,20231109
IDFM:195082,0,0,0,0,0,1,0,20231014,20231104
IDFM:195750,0,0,1,0,0,0,1,20231012,20231105
IDFM:195756,0,0,1,1,1,1,0,20231012,20231025
IDFM:195896,0,0,0,0,0,0,1,20231015,20231105
IDFM:196019,0,0,0,0,0,0,1,20231014,20231105
IDFM:196079,1,1,1,1,1,0,1,20231012,20231110
IDFM:196093,0,0,1,1,1,0,1,20231012,20231110
IDFM:196598,1,1,0,1,1,0,0,20231012,20231031
IDFM:196603,0,0,1,0,0,1,0,20231101,20231104
IDFM:196811,1,1,1,1,1,1,0,20231021,20231104
IDFM:196833,0,0,0,1,1,0,0,20231012,20231020
IDFM:196834,1,1,1,1,1,1,0,20231012,20231104
IDFM:196854,1,1,1,1,1,1,0,20231012,20231104
IDFM:197196,1,1,0,0,0,0,0,20231023,20231031
IDFM:198783,1,1,1,1,0,0,0,20231012,20231109
IDFM:198806,1,1,1,1,0,0,1,20231012,20231109
IDFM:198810,1,1,1,1,0,1,1,20231012,20231109
IDFM:199030,0,0,0,0,1,0,0,20231013,20231110
IDFM:199033,0,0,0,0,1,0,0,20231013,20231110
IDFM:199088,0,0,0,0,1,1,0,20231013,20231110
IDFM:201045,0,0,0,0,1,0,1,20231013,20231110
IDFM:201068,1,1,1,1,1,1,1,20231012,20231110
IDFM:201194,0,0,0,0,1,0,0,20231013,20231110
IDFM:201271,0,0,0,0,0,1,0,20231014,20231104
IDFM:201468,0,0,0,0,0,1,1,20231014,20231105
IDFM:201628,1,1,1,1,1,0,1,20231012,20231110
IDFM:201763,1,1,1,1,0,0,0,20231012,20231109
IDFM:201777,1,1,1,1,1,0,0,20231012,20231110
IDFM:201779,1,1,1,1,1,0,0,20231012,20231110
IDFM:201783,1,1,1,1,1,1,0,20231012,20231110
IDFM:201787,1,1,1,1,1,0,0,20231012,20231110
IDFM:201889,0,0,0,0,0,1,0,20231014,20231104
IDFM:202022,0,0,0,1,0,1,0,20231012,20231109
IDFM:202094,0,0,0,0,1,0,0,20231013,20231110
IDFM:202156,0,0,0,0,1,0,1,20231013,20231110
IDFM:202355,0,0,0,0,1,0,0,20231015,20231103
IDFM:202567,1,1,1,1,1,1,1,20231012,20231110
IDFM:203169,0,0,0,0,0,1,0,20231014,20231104
IDFM:203265,0,0,0,0,1,1,0,20231013,20231110
IDFM:203278,0,0,0,0,1,1,0,20231013,20231110
IDFM:203445,0,1,0,1,0,0,0,20231012,20231109
IDFM:203570,1,1,1,1,0,1,0,20231012,20231109
IDFM:205060,0,1,0,1,1,0,0,20231012,20231110
IDFM:206991,1,1,0,0,1,0,0,20231012,20231103
IDFM:207071,1,1,0,0,0,0,1,20231012,20231109
IDFM:207073,1,1,0,0,0,0,0,20231012,20231109
IDFM:207142,0,0,0,0,0,0,1,20231015,20231109
IDFM:207277,0,0,1,1,0,0,0,20231018,20231102
IDFM:207282,1,0,0,0,0,0,0,20231012,20231030
IDFM:207292,0,0,0,0,0,0,1,20231015,20231105
IDFM:209505,1,0,0,0,0,0,1,20231012,20231105
IDFM:211031,1,1,1,1,0,1,1,20231012,20231109
IDFM:211044,0,0,0,0,1,0,1,20231013,20231110
IDFM:211061,0,0,1,1,0,0,1,20231012,20231109
IDFM:211081,0,0,0,0,1,0,1,20231013,20231110
IDFM:211980,1,1,1,1,0,1,0,20231012,20231109
IDFM:212319,1,1,1,1,0,1,0,20231012,20231109
IDFM:213417,1,1,1,1,1,1,1,20231012,20231110
IDFM:213419,1,1,1,1,0,0,0,20231012,20231109
IDFM:213420,0,0,0,0,0,0,1,20231015,20231101
IDFM:213426,0,0,0,0,0,1,1,20231014,20231101
IDFM:213435,1,1,1,1,1,0,1,20231012,20231110
IDFM:213459,1,1,1,1,0,0,1,20231012,20231109
IDFM:213510,1,1,1,1,1,0,0,20231012,20231110
IDFM:213523,1,1,1,1,1,1,0,20231012,20231110
IDFM:213572,0,0,0,0,1,1,0,20231013,20231110
IDFM:213581,0,0,0,0,1,0,0,20231013,20231110
IDFM:213698,1,1,1,1,0,0,0,20231012,20231109
IDFM:213939,0,0,0,0,1,1,0,20231013,20231110
IDFM:213951,1,1,1,1,0,1,1,20231012,20231109
IDFM:214630,0,0,0,0,1,1,0,20231103,20231104
IDFM:215083,1,1,1,1,0,1,0,20231012,20231109
IDFM:218794,0,0,0,0,1,0,0,20231013,20231109
IDFM:218949,0,0,0,0,0,1,0,20231014,20231109
IDFM:219150,0,0,0,0,1,1,0,20231013,20231104
IDFM:219232,0,0,0,0,0,0,1,20231022,20231109
IDFM:219836,1,0,0,1,0,0,0,20231012,20231102
IDFM:219984,1,1,1,1,1,0,1,20231012,20231105
IDFM:220900,1,1,0,1,1,0,0,20231012,20231103
IDFM:221571,0,0,0,0,0,1,1,20231014,20231105
IDFM:221581,0,1,0,1,0,1,0,20231012,20231109
IDFM:222015,0,0,1,1,0,1,1,20231012,20231109
IDFM:222118,0,0,0,0,1,1,0,20231013,20231110
IDFM:222782,0,0,0,1,0,1,0,20231012,20231109
IDFM:223180,1,1,0,1,1,0,0,20231015,20231103
IDFM:223575,0,1,1,1,0,0,1,20231012,20231109
IDFM:224649,0,0,0,0,0,1,0,20231014,20231104
IDFM:225511,0,0,1,1,0,1,1,20231012,20231109
IDFM:225870,0,0,0,0,0,1,0,20231014,20231104
IDFM:226206,1,1,1,1,1,1,0,20231012,20231110
IDFM:226385,1,0,0,0,0,0,1,20231016,20231106
IDFM:226500,0,0,0,0,1,0,0,20231013,20231110
IDFM:226719,0,0,0,0,1,1,0,20231013,20231110
IDFM:226730,1,0,0,0,1,1,0,20231013,20231110
IDFM:226736,1,1,1,1,0,1,0,20231012,20231109
IDFM:226942,0,0,0,0,1,0,0,20231013,20231110
IDFM:227376,1,1,1,1,0,0,1,20231012,20231109
IDFM:227761,0,1,1,1,1,1,0,20231012,20231110
IDFM:228032,1,1,1,1,0,0,0,20231012,20231109
IDFM:228879,0,0,0,1,0,0,1,20231012,20231109
IDFM:229829,1,1,1,1,1,0,0,20231012,20231110
IDFM:230291,0,0,0,0,1,0,0,20231013,20231110
IDFM:230309,0,0,1,1,0,0,0,20231012,20231109
IDFM:230310,0,0,1,1,1,0,0,20231012,20231110
IDFM:230335,0,0,0,1,0,0,1,20231012,20231109
IDFM:230346,0,0,0,0,0,1,1,20231014,20231105
IDFM:230801,1,0,0,1,0,0,1,20231022,20231105
IDFM:230807,0,0,0,1,1,0,1,20231012,20231110
IDFM:230808,1,1,0,1,1,0,1,20231022,20231105
IDFM:230814,0,0,1,1,1,0,1,20231012,20231110
IDFM:230815,0,0,0,0,0,0,1,20231015,20231105
IDFM:230822,0,0,0,1,1,0,1,20231012,20231110
IDFM:231319,1,0,1,1,0,0,0,20231023,20231102
IDFM:235457,0,0,0,1,1,1,0,20231012,20231110
IDFM:235546,0,0,0,0,1,1,1,20231013,20231110
IDFM:238865,1,1,1,1,1,0,1,20231012,20231110
IDFM:238868,0,0,0,0,0,1,1,20231014,20231105
IDFM:239052,0,1,0,1,0,1,0,20231012,20231109
IDFM:239076,0,1,0,1,1,1,0,20231012,20231110
IDFM:239297,1,1,1,1,0,1,0,20231012,20231109
IDFM:239397,0,0,0,0,1,1,0,20231013,20231110
IDFM:239528,0,1,1,1,0,1,1,20231012,20231109
IDFM:239589,0,0,0,0,1,1,1,20231013,20231110
IDFM:241546,1,0,0,0,0,1,1,20231014,20231106
IDFM:241566,0,0,0,0,1,1,1,20231013,20231110
IDFM:241585,0,0,0,1,1,0,0,20231012,20231110
IDFM:241590,0,0,0,1,0,0,0,20231012,20231109
IDFM:241600,0,0,1,1,1,0,0,20231012,20231110
IDFM:241602,1,0,1,1,1,1,1,20231012,20231110
IDFM:241603,0,0,1,1,0,0,0,20231012,20231109
IDFM:241604,0,0,1,0,0,0,0,20231018,20231108
IDFM:241618,0,1,0,0,0,0,0,20231017,20231107
IDFM:241623,1,1,1,0,0,1,1,20231014,20231108
IDFM:241630,1,1,1,0,0,0,0,20231016,20231108
IDFM:241697,1,1,1,1,0,1,1,20231012,20231109
IDFM:241753,1,1,1,0,1,1,1,20231013,20231110
IDFM:241820,1,0,1,0,0,1,1,20231014,20231108
IDFM:242221,0,0,1,1,1,1,1,20231101,20231105
IDFM:242227,0,0,1,1,1,0,1,20231101,20231105
IDFM:242414,0,0,0,0,0,1,0,20231014,20231031
IDFM:243420,0,0,0,0,0,0,1,20231015,20231029
IDFM:243592,1,1,0,0,0,0,0,20231023,20231031
IDFM:243597,0,0,0,0,0,0,1,20231015,20231105
IDFM:243720,0,0,1,0,1,0,1,20231101,20231105
IDFM:244058,1,1,1,1,1,0,0,20231012,20231109
IDFM:244491,1,1,1,1,1,0,0,20231012,20231109
IDFM:244599,0,0,0,0,1,1,0,20231027,20231028
IDFM:245428,0,0,0,0,1,1,0,20231013,20231104
IDFM:245808,0,0,0,0,0,0,1,20231015,20231105
IDFM:245846,0,0,0,0,1,0,1,20231013,20231105
IDFM:245862,0,0,0,0,1,1,1,20231013,20231105
IDFM:245870,0,0,0,0,0,0,1,20231013,20231105
IDFM:245878,0,0,0,0,0,1,1,20231013,20231105
IDFM:246507,1,1,1,1,0,0,0,20231012,20231109
IDFM:246508,0,1,1,1,1,0,1,20231012,20231109
IDFM:246637,1,1,1,1,0,1,0,20231012,20231109
IDFM:246873,0,0,0,0,1,0,0,20231013,20231103
IDFM:246962,0,0,0,1,1,0,0,20231012,20231109
IDFM:246972,0,0,0,1,1,0,0,20231012,20231109
IDFM:246977,0,0,0,1,0,0,0,20231012,20231109
IDFM:247428,0,0,0,1,0,0,0,20231012,20231109
IDFM:247878,0,0,0,0,1,0,0,20231013,20231031
IDFM:248336,1,1,1,1,0,0,0,20231012,20231109
IDFM:248576,0,0,0,1,1,0,0,20231012,20231109
IDFM:248753,0,0,0,0,0,0,1,20231029,20231029
IDFM:248755,0,0,0,0,0,1,1,20231014,20231105
IDFM:248881,1,1,1,1,1,1,1,20231012,20231105
IDFM:248937,1,1,0,1,1,0,0,20231012,20231103
IDFM:250487,0,0,0,0,0,1,1,20231022,20231105
IDFM:250503,0,0,0,0,0,1,0,20231014,20231021
IDFM:250594,0,0,0,0,0,1,1,20231022,20231105
IDFM:251980,0,0,0,0,0,0,1,20231015,20231031
IDFM:252040,0,0,0,0,0,0,1,20231015,20231031
IDFM:252292,0,0,0,1,1,1,0,20231012,20231028
IDFM:252407,0,0,0,0,1,1,0,20231013,20231028
IDFM:252557,1,1,0,1,0,0,1,20231012,20231031
IDFM:252560,0,0,0,1,0,0,1,20231012,20231029
IDFM:252615,0,0,0,1,0,0,0,20231102,20231109
IDFM:253357,0,0,0,1,1,1,1,20231012,20231110
IDFM:253575,0,0,0,0,1,1,0,20231013,20231110
IDFM:253696,0,0,1,0,0,0,0,20231101,20231109
IDFM:253732,0,0,0,0,0,0,1,20231015,20231105
IDFM:253757,0,0,0,0,0,0,1,20231015,20231105
IDFM:255612,0,1,0,0,0,0,0,20231107,20231107
IDFM:255621,0,0,0,1,0,0,0,20231102,20231109
IDFM:255626,1,0,1,1,0,0,0,20231106,20231109
IDFM:255664,0,1,0,0,1,0,0,20231024,20231103
IDFM:255666,0,0,0,0,0,1,0,20231014,20231104
IDFM:255669,0,0,0,0,0,1,1,20231014,20231105
IDFM:255675,0,1,0,0,1,0,0,20231024,20231103
IDFM:255706,0,1,0,0,1,0,0,20231013,20231107
IDFM:255708,0,0,0,0,0,1,0,20231014,20231102
IDFM:255710,1,0,1,1,0,0,0,20231023,20231109
IDFM:255735,1,0,0,0,0,0,0,20231023,20231103
IDFM:255736,0,0,0,0,0,1,0,20231014,20231104
IDFM:255739,0,0,0,0,0,1,0,20231014,20231107
IDFM:255740,0,0,0,0,0,1,0,20231014,20231104
IDFM:255742,0,0,0,0,0,1,0,20231013,20231107
IDFM:255743,1,1,1,1,1,0,0,20231023,20231109
IDFM:255745,0,0,0,0,0,1,0,20231014,20231107
IDFM:255746,1,0,1,1,0,0,0,20231023,20231109
IDFM:255747,0,0,0,0,0,0,1,20231015,20231105
IDFM:255749,1,0,0,0,0,0,0,20231023,20231030
IDFM:255758,0,0,0,0,0,1,0,20231014,20231105
IDFM:255759,0,0,0,0,0,0,1,20231015,20231102
IDFM:255764,1,0,1,1,0,0,0,20231023,20231105
IDFM:255766,0,0,0,0,0,1,1,20231014,20231104
IDFM:255780,0,0,0,0,0,1,0,20231012,20231104
IDFM:255783,1,0,0,1,0,0,0,20231012,20231030
IDFM:255784,0,0,0,1,0,0,0,20231012,20231019
IDFM:255788,0,1,0,1,1,0,0,20231012,20231107
IDFM:255791,0,0,0,1,0,0,1,20231012,20231109
IDFM:255847,0,0,0,0,0,0,1,20231015,20231109
IDFM:255866,0,0,0,0,0,1,0,20231014,20231105
IDFM:255887,0,0,0,0,0,1,0,20231014,20231104
IDFM:255893,0,0,0,0,0,1,0,20231014,20231109
IDFM:255902,0,1,0,0,1,0,0,20231013,20231107
IDFM:255908,0,1,0,0,1,0,0,20231013,20231107
IDFM:255916,0,0,0,0,0,1,0,20231013,20231107
IDFM:255935,0,0,0,0,1,0,0,20231013,20231103
IDFM:255936,0,0,0,0,1,0,0,20231013,20231020
IDFM:255947,0,1,0,0,1,0,0,20231013,20231107
IDFM:255948,0,1,0,0,1,0,0,20231013,20231109
IDFM:255969,0,0,0,0,0,0,1,20231013,20231107
IDFM:255983,0,0,0,0,0,0,1,20231013,20231107
IDFM:256025,0,0,0,1,0,0,0,20231012,20231109
IDFM:256030,0,1,0,0,1,0,0,20231012,20231031
IDFM:256032,1,0,0,1,0,0,0,20231012,20231031
IDFM:256068,1,0,1,1,0,0,0,20231012,20231109
IDFM:256094,0,0,0,1,0,0,0,20231012,20231109
IDFM:256178,0,1,0,0,1,0,0,20231024,20231105
IDFM:256207,1,0,0,1,0,1,0,20231014,20231109
IDFM:256234,0,0,0,0,0,1,0,20231014,20231104
IDFM:256236,1,0,0,0,0,0,0,20231013,20231109
IDFM:256287,0,0,0,0,0,1,0,20231014,20231104
IDFM:256398,0,1,0,0,1,0,0,20231013,20231107
IDFM:256418,0,1,0,0,1,1,0,20231013,20231107
IDFM:256443,0,0,0,0,0,1,0,20231012,20231104
IDFM:256458,0,0,0,1,0,0,0,20231012,20231109
IDFM:256461,0,1,0,0,0,0,0,20231012,20231107
IDFM:256466,1,1,0,1,0,0,0,20231012,20231107
IDFM:256490,0,1,0,1,1,1,0,20231012,20231109
IDFM:256494,0,0,0,1,0,1,0,20231012,20231109
IDFM:256521,0,0,0,0,0,0,1,20231015,20231105
IDFM:256559,0,0,0,0,0,1,1,20231013,20231105
IDFM:256567,0,0,0,0,0,0,1,20231015,20231105
IDFM:256573,0,1,0,0,1,0,1,20231013,20231107
IDFM:256577,0,0,0,0,0,0,1,20231013,20231109
IDFM:256685,0,1,0,0,0,0,0,20231024,20231031
IDFM:256688,0,1,0,0,0,0,0,20231024,20231107
IDFM:256705,0,0,0,0,0,0,1,20231015,20231103
IDFM:256730,1,1,1,1,1,0,0,20231023,20231109
IDFM:256743,1,0,1,1,0,0,0,20231023,20231109
IDFM:256749,1,1,0,0,1,0,0,20231023,20231107
IDFM:256750,1,0,1,0,0,0,1,20231015,20231109
IDFM:256814,1,1,1,1,1,1,0,20231012,20231109
IDFM:256815,1,1,1,1,1,0,0,20231012,20231109
IDFM:256872,0,0,1,1,0,0,0,20231012,20231109
IDFM:256900,0,0,0,1,0,0,0,20231012,20231103
IDFM:256902,0,0,0,1,0,0,0,20231012,20231102
IDFM:256936,0,0,1,1,0,0,1,20231012,20231109
IDFM:256961,0,0,0,0,0,1,1,20231014,20231105
IDFM:256965,1,0,0,1,0,1,1,20231014,20231109
IDFM:256969,0,0,0,0,0,1,1,20231014,20231104
IDFM:256982,0,0,0,0,0,1,1,20231014,20231105
IDFM:257042,0,0,0,0,0,1,0,20231013,20231107
IDFM:257048,0,0,0,0,0,1,1,20231013,20231107
IDFM:257053,0,0,0,0,0,1,0,20231013,20231107
IDFM:257055,0,0,0,0,0,0,1,20231013,20231105
IDFM:257059,0,0,0,1,0,0,0,20231012,20231109
IDFM:257060,0,1,0,0,1,0,1,20231013,20231105
IDFM:257073,0,0,0,0,0,0,1,20231013,20231107
IDFM:257104,0,1,0,0,1,1,0,20231013,20231107
IDFM:257147,1,0,1,1,0,1,0,20231012,20231109
IDFM:257243,0,1,0,1,0,0,0,20231024,20231109
IDFM:257286,1,0,0,1,0,0,0,20231023,20231104
IDFM:257290,1,0,0,1,0,1,0,20231014,20231109
IDFM:257371,0,0,0,0,0,1,0,20231014,20231109
IDFM:257424,0,1,0,0,1,0,0,20231013,20231109
IDFM:257489,0,0,0,0,0,1,0,20231012,20231105
IDFM:257503,0,0,0,1,0,0,0,20231012,20231107
IDFM:257511,1,0,0,1,0,0,0,20231012,20231103
IDFM:257523,0,1,0,0,1,0,0,20231012,20231107
IDFM:257532,1,0,1,1,0,0,0,20231012,20231109
IDFM:257539,0,1,0,1,1,0,0,20231012,20231109
IDFM:257562,0,0,0,0,0,0,1,20231013,20231107
IDFM:257566,0,0,1,1,0,1,1,20231012,20231109
IDFM:257575,0,0,0,0,0,0,1,20231012,20231103
IDFM:257581,0,0,0,0,0,0,1,20231012,20231105
IDFM:257583,0,0,0,0,0,0,1,20231015,20231107
IDFM:257588,0,0,0,0,0,0,1,20231012,20231107
IDFM:257605,1,0,0,1,0,0,1,20231012,20231030
IDFM:258536,0,0,0,0,0,1,0,20231014,20231103
IDFM:258606,1,1,1,1,1,1,0,20231012,20231110
IDFM:258615,1,1,1,1,1,1,0,20231012,20231110
IDFM:258627,1,1,1,1,1,0,0,20231012,20231110
IDFM:258674,1,1,1,1,1,1,0,20231012,20231110
IDFM:258701,0,0,0,0,0,1,1,20231014,20231105
IDFM:258769,1,1,1,1,1,1,1,20231012,20231110
IDFM:258771,0,0,0,0,0,1,1,20231014,20231105
IDFM:259007,1,1,1,1,1,0,0,20231012,20231110
IDFM:259424,1,1,1,1,1,1,0,20231012,20231109
IDFM:259527,1,1,1,1,1,1,1,20231012,20231109
IDFM:259694,1,1,1,1,0,0,0,20231012,20231109
IDFM:259699,1,1,1,1,0,0,1,20231012,20231109
IDFM:259980,1,1,1,1,1,0,1,20231012,20231109
IDFM:260085,1,1,1,1,1,0,0,20231012,20231109
IDFM:260092,1,1,1,1,1,0,1,20231012,20231109
IDFM:260103,0,0,0,0,0,1,0,20231014,20231105
IDFM:260129,0,0,0,0,0,1,0,20231014,20231105
IDFM:260146,1,1,1,1,1,0,1,20231023,20231105
IDFM:260331,0,0,1,1,0,0,0,20231012,20231109
IDFM:260332,1,1,1,1,1,0,1,20231012,20231109
IDFM:260333,0,0,1,1,0,0,0,20231012,20231109
IDFM:260358,1,1,1,1,0,0,1,20231012,20231109
IDFM:260481,1,1,1,1,1,0,0,20231012,20231109
IDFM:260849,1,1,1,1,1,0,0,20231012,20231109
IDFM:261171,0,1,0,1,1,0,0,20231012,20231109
IDFM:261203,0,0,0,1,0,0,0,20231012,20231109
IDFM:262959,1,0,0,1,1,0,0,20231014,20231103
IDFM:263080,0,1,0,1,1,1,0,20231012,20231110
IDFM:269934,0,0,0,1,1,0,1,20231102,20231105
IDFM:270570,0,0,0,1,1,1,1,20231102,20231105
IDFM:271335,0,0,0,0,0,1,1,20231021,20231029
IDFM:271497,1,1,1,1,1,0,1,20231022,20231103
IDFM:271499,1,1,1,1,1,1,0,20231021,20231103
IDFM:271515,0,0,0,0,1,1,0,20231021,20231103
IDFM:271549,1,1,1,1,1,1,1,20231021,20231103
IDFM:273097,1,1,1,1,0,0,0,20231023,20231102
IDFM:273212,1,1,1,1,1,1,0,20231023,20231104
IDFM:273215,0,0,0,0,0,1,1,20231022,20231105
IDFM:273231,1,1,1,1,1,1,1,20231022,20231105
IDFM:273717,0,0,0,0,0,0,1,20231012,20231108
IDFM:273718,1,1,1,1,0,0,0,20231012,20231108
IDFM:273720,1,1,1,1,0,0,0,20231012,20231108
IDFM:273723,0,0,0,0,0,0,1,20231012,20231108
IDFM:273743,1,1,1,1,0,0,1,20231012,20231108
IDFM:273864,1,1,1,1,0,1,0,20231023,20231104
IDFM:274117,1,1,1,1,0,0,0,20231012,20231108
IDFM:274451,1,1,1,0,0,0,0,20231106,20231108
IDFM:275623,1,1,0,1,0,0,0,20231012,20231109
IDFM:276015,0,1,0,0,0,0,0,20231017,20231107
IDFM:279037,0,0,0,0,0,1,0,20231014,20231108
IDFM:292236,1,0,1,1,1,0,0,20231012,20231110
IDFM:293379,0,0,0,1,0,0,1,20231012,20231022
IDFM:293383,0,0,0,0,1,1,0,20231013,20231021
IDFM:293458,0,0,0,1,1,0,1,20231012,20231022
IDFM:293568,0,0,0,1,1,1,1,20231012,20231022
IDFM:293579,0,0,0,0,0,1,1,20231014,20231022
IDFM:298401,1,0,0,0,0,0,0,20231016,20231102
IDFM:302409,1,1,1,1,1,0,0,20231018,20231103
IDFM:302493,0,1,0,0,0,0,0,20231024,20231031
IDFM:302503,0,0,0,0,0,1,0,20231014,20231021
IDFM:302515,0,1,0,0,0,0,0,20231017,20231031
IDFM:304205,0,0,0,1,1,1,0,20231012,20231021
IDFM:304339,0,1,1,1,1,1,0,20231024,20231110
IDFM:305437,0,0,0,1,0,0,0,20231012,20231019
IDFM:305451,1,0,1,0,0,0,0,20231016,20231018
IDFM:305455,1,0,1,0,0,0,0,20231106,20231108
IDFM:306228,0,1,1,1,1,0,0,20231107,20231110
IDFM:306716,0,0,0,1,0,0,0,20231012,20231019
IDFM:306728,1,0,0,1,0,0,0,20231106,20231109
IDFM:311060,1,1,1,1,1,1,1,20231023,20231110
IDFM:311074,0,0,0,0,0,1,1,20231028,20231105
IDFM:319457,1,1,1,0,1,0,0,20231013,20231110
IDFM:319472,1,0,1,1,1,0,0,20231012,20231110
IDFM:324737,1,1,1,1,1,0,0,20231023,20231110
IDFM:324769,0,1,1,1,1,1,0,20231024,20231110
IDFM:324849,1,0,0,0,0,0,0,20231030,20231106
IDFM:326804,0,1,1,1,1,1,0,20231012,20231110
IDFM:326830,1,0,0,0,0,0,0,20231016,20231106
IDFM:329084,1,0,0,0,0,0,1,20231029,20231106
IDFM:329288,0,0,0,0,0,0,1,20231015,20231022
IDFM:334211,1,1,1,1,1,1,1,20231023,20231105
IDFM:334325,0,0,0,0,0,1,0,20231025,20231104
IDFM:334700,0,0,1,0,0,0,0,20231018,20231101
IDFM:335628,0,0,1,0,0,1,0,20231014,20231104
IDFM:337683,0,1,0,0,0,0,0,20231017,20231017
IDFM:337709,1,0,0,1,1,0,0,20231023,20231103
IDFM:337710,0,0,0,1,1,0,0,20231012,20231020
IDFM:340502,0,0,0,0,0,1,1,20231028,20231105
IDFM:344984,1,1,1,1,1,0,1,20231012,20231110
IDFM:345887,1,1,1,1,1,1,1,20231012,20231110
IDFM:347858,1,1,0,1,1,1,0,20231012,20231110
IDFM:350555,0,0,0,0,0,1,0,20231014,20231102
IDFM:350611,0,1,1,1,1,1,0,20231012,20231104
IDFM:350689,0,0,0,0,0,0,1,20231015,20231102
IDFM:351524,0,1,0,1,0,0,0,20231012,20231102
IDFM:354687,0,0,1,0,0,0,0,20231025,20231101
IDFM:354834,0,1,1,1,1,1,0,20231024,20231104
IDFM:363366,1,1,1,1,1,1,0,20231023,20231104
IDFM:363500,0,0,1,0,0,1,0,20231025,20231104
IDFM:364039,0,1,1,1,1,0,0,20231024,20231103
IDFM:364830,1,1,0,1,1,0,0,20231012,20231103
IDFM:364883,0,0,0,0,0,1,0,20231014,20231104
IDFM:364907,1,0,0,0,0,0,1,20231015,20231023
IDFM:364915,0,0,0,1,0,1,1,20231012,20231022
IDFM:364918,0,0,0,1,0,0,0,20231012,20231019
IDFM:365509,1,0,0,0,0,0,0,20231016,20231023
IDFM:366846,1,0,0,1,1,1,1,20231012,20231023
IDFM:373493,1,1,1,1,0,0,0,20231012,20231109
IDFM:374353,1,1,0,1,1,0,0,20231012,20231110
IDFM:374368,1,1,0,1,1,0,0,20231012,20231110
IDFM:374457,1,1,0,1,1,0,0,20231012,20231110
IDFM:374706,1,1,1,1,1,0,0,20231012,20231110
IDFM:376796,0,0,0,0,0,0,1,20231014,20231105
IDFM:377757,1,1,0,0,0,0,0,20231023,20231031
IDFM:377759,0,0,0,0,1,0,0,20231013,20231105
IDFM:377760,1,1,1,0,0,0,0,20231016,20231108
IDFM:377797,0,0,0,1,1,0,0,20231026,20231103
IDFM:377826,0,0,0,1,1,0,0,20231012,20231110
IDFM:377963,0,0,0,1,0,0,0,20231012,20231105
IDFM:377988,1,1,0,0,0,0,0,20231023,20231102
IDFM:377994,1,1,1,0,1,0,0,20231013,20231110
IDFM:380663,0,0,0,0,0,1,1,20231021,20231022
IDFM:380714,0,0,0,0,0,1,0,20231014,20231104
IDFM:380715,0,0,0,0,0,1,1,20231014,20231105
IDFM:380717,0,0,0,0,0,1,1,20231014,20231105
IDFM:380726,0,0,0,0,0,1,0,20231014,20231104
IDFM:380741,1,1,1,1,1,0,0,20231012,20231110
IDFM:380757,1,1,1,1,1,1,0,20231012,20231110
IDFM:380873,0,0,0,0,0,1,0,20231014,20231104
IDFM:380875,0,0,0,0,0,1,1,20231014,20231105
IDFM:381040,1,1,1,1,1,0,0,20231012,20231110
IDFM:383399,0,0,1,0,0,0,0,20231025,20231108
IDFM:383400,1,1,0,1,1,0,0,20231023,20231110
IDFM:384794,1,1,1,1,1,1,0,20231023,20231110
IDFM:386129,0,0,1,0,0,1,0,20231025,20231108
IDFM:386279,1,1,0,1,1,1,0,20231023,20231110
IDFM:386280,0,0,0,1,1,1,0,20231012,20231021
IDFM:386405,0,0,0,0,1,0,0,20231027,20231110
IDFM:386407,1,1,1,1,0,0,0,20231023,20231109
IDFM:387759,0,1,1,0,0,0,0,20231031,20231108
IDFM:387760,0,0,1,0,0,0,0,20231101,20231108
IDFM:387761,0,0,1,0,1,0,0,20231101,20231110
IDFM:387762,1,0,0,0,0,0,0,20231015,20231106
IDFM:387763,1,0,0,1,0,0,1,20231029,20231109
IDFM:387764,0,0,0,0,0,0,1,20231015,20231109
IDFM:387765,1,0,1,0,1,0,1,20231029,20231110
IDFM:387771,1,0,0,0,0,0,0,20231016,20231106
IDFM:387772,1,0,0,0,1,0,0,20231013,20231027
IDFM:387773,0,0,0,1,0,0,0,20231012,20231026
IDFM:387774,0,0,0,0,1,0,0,20231013,20231106
IDFM:387775,0,0,0,1,0,0,0,20231012,20231107
IDFM:387777,0,0,0,0,0,1,0,20231014,20231110
IDFM:387778,0,0,0,1,0,0,0,20231012,20231106
IDFM:387779,1,0,0,0,0,0,0,20231013,20231106
IDFM:387782,0,1,0,1,0,1,0,20231012,20231110
IDFM:387783,0,0,0,0,0,1,0,20231014,20231109
IDFM:387785,0,0,0,0,0,0,1,20231015,20231102
IDFM:387786,0,0,0,1,0,1,0,20231012,20231107
IDFM:387787,0,0,0,0,1,0,0,20231013,20231106
IDFM:387788,0,0,0,0,0,1,0,20231012,20231110
IDFM:387789,1,0,0,0,1,0,0,20231030,20231110
IDFM:387790,0,0,0,1,0,0,0,20231012,20231108
IDFM:387791,0,0,0,1,0,0,1,20231012,20231029
IDFM:387792,0,0,0,0,1,0,0,20231013,20231109
IDFM:387793,0,0,0,0,0,0,1,20231015,20231104
IDFM:387794,0,0,0,0,0,0,1,20231015,20231105
IDFM:387795,0,0,0,0,1,0,1,20231013,20231027
IDFM:387796,0,0,0,1,0,0,0,20231012,20231110
IDFM:387797,0,0,0,0,0,0,1,20231015,20231109
IDFM:387800,0,0,0,0,0,1,0,20231014,20231110
IDFM:387801,0,0,0,1,0,1,0,20231012,20231108
IDFM:387803,0,0,0,0,0,1,0,20231014,20231108
IDFM:387804,0,0,0,0,0,1,0,20231014,20231105
IDFM:387805,0,0,0,0,0,1,0,20231014,20231110
IDFM:387806,0,0,0,0,1,1,0,20231013,20231110
IDFM:387807,0,0,0,0,1,0,0,20231013,20231109
IDFM:387809,0,0,0,0,0,1,0,20231014,20231110
IDFM:387810,0,0,0,0,1,0,0,20231013,20231107
IDFM:387811,0,0,0,0,1,0,0,20231013,20231104
IDFM:387812,0,1,0,0,0,0,0,20231015,20231110
IDFM:387813,0,0,0,1,1,1,0,20231012,20231109
IDFM:387814,0,0,0,0,1,0,0,20231013,20231110
IDFM:387815,1,0,0,0,0,0,1,20231016,20231105
IDFM:387816,0,0,0,0,1,0,0,20231013,20231105
IDFM:387818,0,0,0,0,1,1,0,20231013,20231110
IDFM:387820,0,0,0,0,0,1,0,20231013,20231109
IDFM:387821,0,0,0,0,1,0,1,20231013,20231110
IDFM:387822,0,0,0,1,0,0,0,20231012,20231109
IDFM:387824,0,0,0,1,0,0,0,20231012,20231108
IDFM:387825,1,1,1,0,0,1,0,20231014,20231028
IDFM:387826,0,0,0,1,0,0,0,20231012,20231109
IDFM:387827,0,0,0,1,0,0,0,20231012,20231109
IDFM:387830,0,0,0,0,0,1,0,20231014,20231102
IDFM:387832,0,0,0,0,1,0,0,20231013,20231110
IDFM:387833,1,0,0,0,0,0,0,20231015,20231110
IDFM:387834,0,0,0,1,0,0,0,20231012,20231106
IDFM:387835,1,0,0,1,0,0,0,20231012,20231110
IDFM:387836,0,1,0,0,0,0,0,20231017,20231107
IDFM:387837,0,1,1,0,1,0,0,20231013,20231027
IDFM:387838,0,0,0,1,0,0,0,20231012,20231102
IDFM:387839,1,0,1,0,0,0,0,20231016,20231025
IDFM:387841,0,0,1,0,1,0,0,20231013,20231027
IDFM:387842,0,0,0,1,0,0,1,20231012,20231105
IDFM:387843,0,0,0,1,1,1,0,20231012,20231110
IDFM:387844,0,0,0,0,1,0,0,20231013,20231106
IDFM:387845,0,0,1,1,1,1,0,20231012,20231108
IDFM:387846,0,1,0,1,0,1,0,20231012,20231028
IDFM:387851,0,1,0,0,1,0,0,20231013,20231110
IDFM:387852,0,0,0,0,1,0,0,20231013,20231106
IDFM:387853,0,1,0,1,0,1,1,20231012,20231028
IDFM:387854,0,1,0,0,0,0,0,20231017,20231110
IDFM:387855,0,1,0,0,0,0,0,20231017,20231104
IDFM:387856,0,0,0,0,1,0,0,20231013,20231108
IDFM:387857,0,0,0,0,0,1,0,20231014,20231107
IDFM:387859,0,1,0,1,0,1,0,20231012,20231031
IDFM:387860,0,0,0,0,1,0,1,20231013,20231110
IDFM:387861,0,0,0,0,1,1,0,20231013,20231110
IDFM:387862,0,1,0,0,0,0,0,20231017,20231024
IDFM:387863,0,1,0,1,1,0,1,20231012,20231027
IDFM:387864,0,0,0,0,0,1,0,20231014,20231105
IDFM:387865,0,1,0,1,0,0,0,20231012,20231026
IDFM:387867,0,0,1,1,1,0,0,20231012,20231108
IDFM:387869,0,0,0,1,0,1,0,20231012,20231106
IDFM:387870,0,1,0,0,0,0,1,20231017,20231105
IDFM:387871,0,0,0,0,0,1,0,20231014,20231104
IDFM:387872,1,0,0,1,0,1,0,20231012,20231110
IDFM:387873,0,0,0,0,1,0,0,20231013,20231110
IDFM:387874,0,0,0,1,0,0,1,20231012,20231107
IDFM:387875,0,1,0,1,1,0,0,20231012,20231109
IDFM:387876,0,1,0,0,0,0,0,20231017,20231106
IDFM:387877,0,0,0,0,1,0,0,20231013,20231110
IDFM:387878,0,0,1,1,0,1,0,20231012,20231108
IDFM:387881,0,0,0,0,1,0,0,20231013,20231013
IDFM:387887,0,1,0,0,0,0,0,20231031,20231107
IDFM:387889,1,0,0,0,0,0,0,20231030,20231106
IDFM:387890,0,1,0,0,0,0,1,20231029,20231107
IDFM:387891,0,0,0,1,0,0,1,20231029,20231109
IDFM:387894,0,0,0,1,1,0,0,20231102,20231110
IDFM:387895,0,0,0,1,0,0,1,20231029,20231109
IDFM:387896,0,1,0,0,0,0,0,20231017,20231107
IDFM:387898,0,0,0,1,1,1,0,20231012,20231110
IDFM:387899,0,0,0,1,0,0,0,20231012,20231110
IDFM:387900,1,0,0,0,1,1,0,20231013,20231106
IDFM:387901,1,1,1,1,0,0,0,20231012,20231026
IDFM:387903,0,0,0,0,1,0,0,20231013,20231110
IDFM:387904,0,0,0,1,0,0,0,20231012,20231110
IDFM:387907,0,0,0,0,0,1,1,20231014,20231105
IDFM:387908,0,0,0,0,0,0,1,20231015,20231105
IDFM:387909,1,1,1,0,0,0,0,20231016,20231025
IDFM:387910,0,0,0,0,1,0,0,20231013,20231109
IDFM:387911,0,0,0,1,0,1,0,20231012,20231108
IDFM:387913,0,0,0,0,1,0,0,20231013,20231107
IDFM:387914,1,0,0,0,0,0,0,20231015,20231107
IDFM:387916,0,0,0,1,0,0,1,20231012,20231026
IDFM:387917,0,0,0,1,0,0,0,20231012,20231110
IDFM:387918,1,1,0,0,0,0,0,20231030,20231107
IDFM:387919,0,0,0,1,0,0,0,20231012,20231104
IDFM:387920,0,0,1,0,0,1,0,20231014,20231108
IDFM:387921,1,0,0,0,0,0,1,20231016,20231105
IDFM:387923,1,1,0,0,1,0,1,20231013,20231027
IDFM:387926,1,0,0,0,0,0,0,20231015,20231109
IDFM:387927,0,0,1,0,0,0,0,20231015,20231110
IDFM:387928,1,0,1,0,1,0,1,20231013,20231110
IDFM:387929,1,0,0,1,0,0,0,20231012,20231106
IDFM:387930,0,0,0,1,1,0,0,20231012,20231109
IDFM:387931,1,0,0,1,1,0,0,20231012,20231108
IDFM:387932,1,0,1,0,0,0,0,20231016,20231110
IDFM:387933,1,1,1,1,1,0,1,20231012,20231110
IDFM:387934,1,0,0,1,1,1,1,20231012,20231106
IDFM:387936,0,0,0,0,1,0,0,20231013,20231105
IDFM:387938,0,0,0,1,0,0,0,20231101,20231109
IDFM:387940,0,0,0,1,0,0,0,20231102,20231109
IDFM:387941,0,0,0,1,0,0,0,20231102,20231109
IDFM:387942,0,0,0,1,0,0,0,20231031,20231109
IDFM:387945,0,1,0,0,1,0,1,20231029,20231110
IDFM:387946,0,0,0,0,0,0,1,20231013,20231105
IDFM:387948,1,0,0,1,1,0,1,20231029,20231110
IDFM:387959,1,0,1,1,1,0,1,20231029,20231110
IDFM:387960,1,0,0,0,1,0,0,20231015,20231110
IDFM:387961,0,0,0,0,1,0,1,20231013,20231015
IDFM:387964,1,0,0,0,0,0,0,20231030,20231106
IDFM:387966,0,1,0,0,0,0,0,20231031,20231107
IDFM:387967,0,0,0,0,1,0,0,20231013,20231110
IDFM:387971,0,0,0,0,0,0,1,20231015,20231110
IDFM:387972,0,0,0,0,0,0,1,20231015,20231107
IDFM:387973,0,0,0,0,0,0,1,20231015,20231109
IDFM:387974,0,0,0,1,0,0,0,20231012,20231110
IDFM:387975,0,0,0,1,0,0,0,20231012,20231108
IDFM:387981,0,0,0,0,0,1,0,20231014,20231108
IDFM:387983,0,0,0,0,0,1,1,20231014,20231109
IDFM:387984,0,0,0,0,0,1,0,20231014,20231109
IDFM:387986,0,0,0,0,0,1,0,20231014,20231110
IDFM:387987,1,0,0,0,0,1,0,20231014,20231106
IDFM:387988,0,0,0,0,0,1,0,20231012,20231110
IDFM:387990,0,0,0,0,0,1,0,20231014,20231109
IDFM:387991,0,1,0,0,0,1,0,20231014,20231107
IDFM:387993,0,0,0,0,0,1,0,20231014,20231107
IDFM:387995,0,0,0,0,1,0,0,20231013,20231104
IDFM:387996,0,0,0,0,1,0,0,20231013,20231106
IDFM:387998,0,0,0,0,1,0,0,20231013,20231109
IDFM:388001,0,0,0,0,1,0,0,20231013,20231109
IDFM:388003,0,0,0,0,1,0,0,20231013,20231108
IDFM:388008,0,0,0,1,1,0,0,20231012,20231110
IDFM:388010,0,0,0,1,0,0,0,20231012,20231104
IDFM:388012,0,0,0,1,0,1,0,20231012,20231110
IDFM:388014,0,0,0,1,0,0,0,20231012,20231110
IDFM:388015,0,0,0,1,1,0,0,20231012,20231027
IDFM:388018,0,0,0,1,0,0,0,20231012,20231102
IDFM:388022,0,0,0,1,0,0,0,20231012,20231104
IDFM:388023,0,0,0,1,1,1,0,20231012,20231110
IDFM:388024,0,0,0,1,1,0,0,20231012,20231109
IDFM:388027,0,1,1,1,0,0,0,20231012,20231026
IDFM:388028,0,0,0,1,0,0,0,20231012,20231110
IDFM:388029,0,1,0,1,0,1,0,20231012,20231102
IDFM:388033,0,0,0,0,1,1,0,20231013,20231110
IDFM:388034,0,0,0,1,0,0,0,20231012,20231109
IDFM:388036,0,0,0,1,0,0,1,20231012,20231105
IDFM:388040,0,0,1,0,1,0,0,20231013,20231110
IDFM:388042,0,0,0,1,1,1,0,20231012,20231110
IDFM:388043,1,0,1,0,0,1,0,20231014,20231028
IDFM:388044,0,0,0,0,0,0,1,20231015,20231109
IDFM:388045,0,0,0,0,1,0,0,20231013,20231104
IDFM:388046,0,0,1,1,0,0,0,20231012,20231026
IDFM:388047,1,1,1,1,0,0,0,20231012,20231110
IDFM:388050,0,0,1,0,0,0,1,20231018,20231105
IDFM:388051,0,0,1,0,0,0,1,20231015,20231025
IDFM:388053,0,0,1,1,1,1,0,20231012,20231110
IDFM:388055,0,0,0,1,0,0,0,20231012,20231101
IDFM:388056,0,0,0,0,1,0,0,20231013,20231110
IDFM:388057,0,1,0,0,1,1,0,20231013,20231028
IDFM:388058,0,1,0,0,0,0,0,20231017,20231110
IDFM:388059,0,1,0,0,0,0,0,20231017,20231104
IDFM:388060,0,0,0,0,1,0,0,20231013,20231108
IDFM:388061,0,0,0,0,1,0,0,20231013,20231110
IDFM:388062,0,0,0,0,1,0,0,20231013,20231110
IDFM:388063,0,0,1,0,1,0,1,20231029,20231110
IDFM:388064,0,0,0,0,1,0,0,20231013,20231104
IDFM:388065,0,1,0,0,0,0,0,20231015,20231108
IDFM:388067,0,0,0,1,0,0,0,20231012,20231101
IDFM:388069,0,0,0,1,0,0,0,20231012,20231106
IDFM:388074,0,0,0,1,1,1,0,20231012,20231109
IDFM:388075,0,1,1,0,0,0,1,20231015,20231110
IDFM:388076,0,0,0,1,0,1,0,20231012,20231104
IDFM:388077,0,0,0,0,1,0,0,20231013,20231110
IDFM:388078,0,1,0,1,1,0,0,20231012,20231109
IDFM:388079,0,0,0,1,1,1,0,20231012,20231110
IDFM:388081,0,0,0,0,1,0,0,20231013,20231110
IDFM:388082,0,1,0,1,1,1,0,20231012,20231109
IDFM:388083,0,0,0,0,0,1,0,20231014,20231110
IDFM:388084,1,1,0,0,1,1,1,20231013,20231028
IDFM:388087,0,0,0,0,1,0,0,20231013,20231110
IDFM:388088,0,0,0,1,0,0,0,20231012,20231105
IDFM:388090,1,0,0,0,0,0,0,20231014,20231110
IDFM:388091,0,0,0,1,0,0,0,20231012,20231110
IDFM:388092,1,1,1,0,0,0,0,20231016,20231025
IDFM:388093,1,0,0,0,1,0,0,20231013,20231110
IDFM:388094,0,0,1,0,0,0,0,20231016,20231108
IDFM:388095,1,0,0,1,0,1,0,20231012,20231108
IDFM:388098,0,0,0,0,1,1,0,20231013,20231107
IDFM:388099,1,0,0,0,1,0,0,20231013,20231107
IDFM:388100,0,0,0,0,0,0,1,20231015,20231110
IDFM:388103,1,0,1,1,0,0,1,20231012,20231108
IDFM:388104,1,0,0,0,0,0,0,20231016,20231104
IDFM:388105,1,0,0,0,0,1,0,20231014,20231106
IDFM:388106,0,0,0,0,0,0,1,20231015,20231105
IDFM:388107,0,0,0,0,1,0,0,20231013,20231104
IDFM:388109,1,0,1,0,0,0,0,20231016,20231029
IDFM:388110,1,0,0,0,0,0,0,20231016,20231109
IDFM:388111,1,0,1,0,1,0,0,20231013,20231027
IDFM:388112,0,0,0,1,1,0,0,20231012,20231110
IDFM:388113,0,0,0,0,0,1,0,20231014,20231105
IDFM:388114,1,0,1,1,1,0,1,20231012,20231110
IDFM:388116,1,1,0,1,1,1,0,20231012,20231110
IDFM:388117,1,0,0,0,0,0,0,20231016,20231106
IDFM:388119,0,0,0,0,1,0,0,20231013,20231110
IDFM:388442,0,0,0,0,0,0,1,20231014,20231105
IDFM:392142,0,0,0,0,0,1,1,20231014,20231105
IDFM:393923,1,1,0,0,0,0,0,20231016,20231017
IDFM:402877,1,1,1,1,0,0,0,20231012,20231108
IDFM:350558-IDFM:TRANSDEV_COTEAUX_DE_LA_MARNE:104743-C00084-16823719-2023-10-29,0,0,0,0,0,0,1,20231015,20231103
IDFM:123202-IDFM:Transdev_Nord_Seine_Saint-Denis:109899-C01578-17078896-2023-10-29,0,0,0,0,0,0,1,20231105,20231105
IDFM:100113-2023-10-28,0,0,0,0,0,1,0,20231028,20231028
IDFM:100113-IDFM:KVYVS:104087-C00379-7124-320-2023-10-29,0,0,0,0,0,0,1,20231015,20231105
IDFM:103229-IDFM:BOUCLE_DE_LYS:104652-C02491-16852170-2023-10-29,0,0,0,0,0,0,1,20231015,20231105
IDFM:28919-IDFM:TRANSDEV_VEXIN:104745-C01641-16854682-2023-10-29,1,1,1,1,1,1,1,20231012,20231110
IDFM:387949-IDFM:Aerobus:107444-C02179-31846507-2023-10-29,0,1,1,0,0,0,0,20231031,20231108
IDFM:315423-IDFM:BRIE_ET_2_MORIN:106981-C02487-17045505-2023-10-29,1,1,1,1,1,1,0,20231024,20231106
IDFM:19543-IDFM:TRANSDEV_PAYS_DE_FONTAINEBLEAU:108870-C01633-17067564-2023-10-29,0,0,0,0,0,1,1,20231014,20231105
IDFM:327880-IDFM:Transdev_Nord_Seine_Saint-Denis:101785-C01580-16667003-2023-10-29,0,1,1,1,1,1,1,20231012,20231110
IDFM:311060-IDFM:MARNE_ET_OURCQ:106109-C01639-16954123-2023-10-29,1,1,1,1,1,1,0,20231023,20231110
IDFM:129810-IDFM:ADP:5340-C00562-915-2023-10-29,1,1,1,1,1,1,1,20231012,20231110
IDFM:329084-IDFM:Transdev_Nord_Seine_Saint-Denis:109899-C01585-17079643-2023-10-29,1,0,0,0,0,0,0,20231030,20231106
IDFM:19539-IDFM:TRANSDEV_MARNE_LA_VALLEE:105793-C00632-16984435-2023-10-29,1,0,0,0,0,0,1,20231015,20231106
